0.000000000000000000e+00
0.000000000000000000e+00
0.000000000000000000e+00
0.000000000000000000e+00
0.000000000000000000e+00
0.000000000000000000e+00
0.000000000000000000e+00
0.000000000000000000e+00
0.000000000000000000e+00
0.000000000000000000e+00
0.000000000000000000e+00
2.000000000000000000e+00
1.891634483401269495e+00
1.578281018792787593e+00
1.093896316244853839e+00
4.909709742815985267e-01
-1.651586909446645657e-01
-8.033908493059385147e-01
-1.354563143251481749e+00
-1.758947502412977926e+00
-1.972722606805444645e+00
-1.972722606805444645e+00
-1.758947502412977926e+00
-1.354563143251482860e+00
-8.033908493059397360e-01
-1.651586909446654816e-01
4.909709742815976385e-01
1.093896316244852951e+00
1.578281018792786927e+00
1.891634483401269051e+00
2.000000000000000000e+00
2.000000000000000000e+00
1.891634483401269495e+00
1.578281018792787593e+00
1.093896316244853839e+00
4.909709742815985267e-01
-1.651586909446645657e-01
-8.033908493059385147e-01
-1.354563143251481749e+00
-1.758947502412977926e+00
-1.972722606805444645e+00
-1.972722606805444645e+00
-1.758947502412977926e+00
-1.354563143251482860e+00
-8.033908493059397360e-01
-1.651586909446654816e-01
4.909709742815976385e-01
1.093896316244852951e+00
1.578281018792786927e+00
1.891634483401269051e+00
2.000000000000000000e+00
2.000000000000000000e+00
1.891634483401269495e+00
1.578281018792787593e+00
1.093896316244853839e+00
4.909709742815985267e-01
-1.651586909446645657e-01
-8.033908493059385147e-01
-1.354563143251481749e+00
-1.758947502412977926e+00
-1.972722606805444645e+00
-1.972722606805444645e+00
-1.758947502412977926e+00
-1.354563143251482860e+00
-8.033908493059397360e-01
-1.651586909446654816e-01
4.909709742815976385e-01
1.093896316244852951e+00
1.578281018792786927e+00
1.891634483401269051e+00
2.000000000000000000e+00
2.000000000000000000e+00
1.891634483401269495e+00
1.578281018792787593e+00
1.093896316244853839e+00
4.909709742815985267e-01
-1.651586909446645657e-01
-8.033908493059385147e-01
-1.354563143251481749e+00
-1.758947502412977926e+00
-1.972722606805444645e+00
-1.972722606805444645e+00
-1.758947502412977926e+00
-1.354563143251482860e+00
-8.033908493059397360e-01
-1.651586909446654816e-01
4.909709742815976385e-01
1.093896316244852951e+00
1.578281018792786927e+00
1.891634483401269051e+00
2.000000000000000000e+00
2.000000000000000000e+00
1.891634483401269495e+00
1.578281018792787593e+00
1.093896316244853839e+00
4.909709742815985267e-01
-1.651586909446645657e-01
-8.033908493059385147e-01
-1.354563143251481749e+00
-1.758947502412977926e+00
-1.972722606805444645e+00
-1.972722606805444645e+00
-1.758947502412977926e+00
-1.354563143251482860e+00
-8.033908493059397360e-01
-1.651586909446654816e-01
4.909709742815976385e-01
1.093896316244852951e+00
1.578281018792786927e+00
1.891634483401269051e+00
2.000000000000000000e+00
2.000000000000000000e+00
1.891634483401269495e+00
1.578281018792787593e+00
1.093896316244853839e+00
4.909709742815985267e-01
-1.651586909446645657e-01
-8.033908493059385147e-01
-1.354563143251481749e+00
-1.758947502412977926e+00
-1.972722606805444645e+00
-1.972722606805444645e+00
-1.758947502412977926e+00
-1.354563143251482860e+00
-8.033908493059397360e-01
-1.651586909446654816e-01
4.909709742815976385e-01
1.093896316244852951e+00
1.578281018792786927e+00
1.891634483401269051e+00
2.000000000000000000e+00
2.000000000000000000e+00
1.891634483401269495e+00
1.578281018792787593e+00
1.093896316244853839e+00
4.909709742815985267e-01
-1.651586909446645657e-01
-8.033908493059385147e-01
-1.354563143251481749e+00
-1.758947502412977926e+00
-1.972722606805444645e+00
-1.972722606805444645e+00
-1.758947502412977926e+00
-1.354563143251482860e+00
-8.033908493059397360e-01
-1.651586909446654816e-01
4.909709742815976385e-01
1.093896316244852951e+00
1.578281018792786927e+00
1.891634483401269051e+00
2.000000000000000000e+00
2.000000000000000000e+00
1.891634483401269495e+00
1.578281018792787593e+00
1.093896316244853839e+00
4.909709742815985267e-01
-1.651586909446645657e-01
-8.033908493059385147e-01
-1.354563143251481749e+00
-1.758947502412977926e+00
-1.972722606805444645e+00
-1.972722606805444645e+00
-1.758947502412977926e+00
-1.354563143251482860e+00
-8.033908493059397360e-01
-1.651586909446654816e-01
4.909709742815976385e-01
1.093896316244852951e+00
1.578281018792786927e+00
1.891634483401269051e+00
2.000000000000000000e+00
2.000000000000000000e+00
1.891634483401269495e+00
1.578281018792787593e+00
1.093896316244853839e+00
4.909709742815985267e-01
-1.651586909446645657e-01
-8.033908493059385147e-01
-1.354563143251481749e+00
-1.758947502412977926e+00
-1.972722606805444645e+00
-1.972722606805444645e+00
-1.758947502412977926e+00
-1.354563143251482860e+00
-8.033908493059397360e-01
-1.651586909446654816e-01
4.909709742815976385e-01
1.093896316244852951e+00
1.578281018792786927e+00
1.891634483401269051e+00
2.000000000000000000e+00
2.000000000000000000e+00
1.891634483401269495e+00
1.578281018792787593e+00
1.093896316244853839e+00
4.909709742815985267e-01
-1.651586909446645657e-01
-8.033908493059385147e-01
-1.354563143251481749e+00
-1.758947502412977926e+00
-1.972722606805444645e+00
-1.972722606805444645e+00
-1.758947502412977926e+00
-1.354563143251482860e+00
-8.033908493059397360e-01
-1.651586909446654816e-01
4.909709742815976385e-01
1.093896316244852951e+00
1.578281018792786927e+00
1.891634483401269051e+00
2.000000000000000000e+00
2.234457428549490920e+00
2.173922895158831636e+00
1.998879150969795848e+00
1.728294901748804513e+00
1.391492149446170057e+00
1.024968698307041404e+00
6.684430514596605422e-01
3.605502948053399548e-01
1.346553859759322958e-01
1.523754346375971735e-02
3.129667144896745024e-01
4.323845570018470807e-01
6.582794658312540736e-01
9.661722224855745500e-01
1.322697869332955634e+00
1.689221320472084287e+00
2.026024072774718743e+00
2.296608321995710078e+00
2.471652066184745866e+00
2.532186599575405594e+00
2.829915770601320268e+00
2.769381237210660984e+00
2.594337493021625640e+00
2.323753243800633861e+00
1.986950491497999405e+00
1.620427040358870974e+00
1.263901393511490001e+00
9.560086368571694138e-01
7.301137280277618657e-01
6.106958855155891763e-01
9.084250565415039613e-01
1.027842899053676540e+00
1.253737807883083644e+00
1.561630564537404009e+00
1.918156211384785204e+00
2.284679662523913635e+00
2.621482414826548535e+00
2.892066664047539870e+00
3.067110408236575658e+00
3.127644941627234942e+00
3.425374112653149616e+00
3.364839579262490332e+00
3.189795835073454988e+00
2.919211585852463209e+00
2.582408833549829197e+00
2.215885382410700544e+00
1.859359735563319571e+00
1.551466978908998984e+00
1.325572070079591214e+00
1.206154227567418635e+00
1.503883398593333531e+00
1.623301241105505888e+00
1.849196149934912992e+00
2.157088906589233801e+00
2.513614553436614329e+00
2.880138004575742983e+00
3.216940756878377883e+00
3.487525006099369662e+00
3.662568750288405006e+00
3.723103283679064290e+00
4.020832454704978964e+00
3.960297921314319680e+00
3.785254177125284336e+00
3.514669927904292557e+00
3.177867175601658545e+00
2.811343724462529892e+00
2.454818077615149363e+00
2.146925320960828554e+00
1.921030412131420784e+00
1.801612569619248205e+00
2.099341740645162879e+00
2.218759583157335236e+00
2.444654491986742784e+00
2.752547248641063149e+00
3.109072895488444122e+00
3.475596346627572331e+00
3.812399098930207231e+00
4.082983348151199010e+00
4.258027092340234354e+00
4.318561625730893638e+00
4.616290796756808312e+00
4.555756263366149028e+00
4.380712519177113684e+00
4.110128269956122793e+00
3.773325517653487893e+00
3.406802066514359240e+00
3.050276419666978711e+00
2.742383663012657902e+00
2.516488754183250354e+00
2.397070911671077553e+00
2.694800082696992227e+00
2.814217925209165028e+00
3.040112834038572132e+00
3.348005590692892497e+00
3.704531237540273914e+00
4.071054688679402567e+00
4.407857440982036579e+00
4.678441690203028358e+00
4.853485434392063702e+00
4.914019967782723874e+00
5.211749138808637660e+00
5.151214605417978376e+00
4.976170861228943032e+00
4.705586612007952141e+00
4.368783859705317241e+00
4.002260408566188588e+00
3.645734761718808059e+00
3.337842005064487694e+00
3.111947096235079702e+00
2.992529253722906901e+00
3.290258424748822463e+00
3.409676267260994820e+00
3.635571176090401480e+00
3.943463932744722733e+00
4.299989579592103262e+00
4.666513030731231915e+00
5.003315783033866815e+00
5.273900032254857706e+00
5.448943776443893938e+00
5.509478309834553222e+00
5.807207480860467896e+00
5.746672947469808612e+00
5.571629203280772380e+00
5.301044954059781489e+00
4.964242201757146589e+00
4.597718750618018824e+00
4.241193103770637407e+00
3.933300347116317042e+00
3.707405438286909494e+00
3.587987595774737137e+00
3.885716766800650923e+00
4.005134609312824168e+00
4.231029518142230827e+00
4.538922274796551193e+00
4.895447921643932609e+00
5.261971372783060374e+00
5.598774125085695275e+00
5.869358374306687054e+00
6.044402118495722398e+00
6.104936651886381682e+00
6.402665822912297244e+00
6.342131289521637960e+00
6.167087545332602616e+00
5.896503296111610837e+00
5.559700543808975937e+00
5.193177092669847283e+00
4.836651445822466755e+00
4.528758689168146390e+00
4.302863780338738842e+00
4.183445937826566485e+00
4.481175108852481159e+00
4.600592951364653516e+00
4.826487860194061064e+00
5.134380616848381429e+00
5.490906263695761957e+00
5.857429714834890611e+00
6.194232467137525511e+00
6.464816716358517290e+00
6.639860460547552634e+00
6.700394993938211918e+00
6.998124164964126592e+00
6.937589631573467308e+00
6.762545887384431964e+00
6.491961638163440185e+00
6.155158885860806173e+00
5.788635434721677520e+00
5.432109787874296103e+00
5.124217031219975738e+00
4.898322122390568190e+00
4.778904279878395833e+00
5.076633450904310507e+00
5.196051293416482864e+00
5.421946202245889523e+00
5.729838958900209889e+00
6.086364605747591305e+00
6.452888056886719959e+00
6.789690809189353971e+00
7.060275058410345750e+00
7.235318802599381094e+00
7.295853335990041266e+00
7.593582507015955940e+00
7.533047973625296656e+00
7.358004229436261312e+00
7.087419980215269533e+00
6.750617227912635521e+00
6.384093776773506868e+00
6.027568129926125451e+00
5.719675373271805086e+00
5.493780464442397538e+00
5.374362621930225181e+00
5.672091792956139855e+00
5.791509635468312212e+00
6.017404544297719760e+00
6.325297300952040125e+00
6.681822947799421542e+00
7.048346398938550195e+00
7.385149151241184207e+00
7.655733400462175986e+00
7.830777144651211330e+00
7.891311678041871502e+00
2.220446049250313081e-16
-6.053453339065906214e-02
-2.355782775796945172e-01
-5.061625268006860745e-01
-8.429652791033205306e-01
-1.209488730242449073e+00
-1.566014377089830045e+00
-1.873907133744150411e+00
-2.099802042573558403e+00
-2.219219885085730759e+00
-2.516949056111645433e+00
-2.397531213599473077e+00
-2.171636304770065973e+00
-1.863743548115745385e+00
-1.507217901268364191e+00
-1.140694450129235760e+00
-8.038916978266013036e-01
-5.333074486056096353e-01
-3.582637044165740692e-01
-2.977291710259145630e-01
-5.954583420518292369e-01
-6.559928754424886321e-01
-8.310366196315239762e-01
-1.101620868852515533e+00
-1.438423621155149990e+00
-1.804947072294278421e+00
-2.161472719141659393e+00
-2.469365475795980203e+00
-2.695260384625387751e+00
-2.814678227137560107e+00
-3.112407398163474781e+00
-2.992989555651302425e+00
-2.767094646821895765e+00
-2.459201890167574955e+00
-2.102676243320193983e+00
-1.736152792181065330e+00
-1.399350039878430874e+00
-1.128765790657439094e+00
-9.537220464684035282e-01
-8.931875130777440219e-01
-1.190916684103658696e+00
-1.251451217494317980e+00
-1.426494961683353546e+00
-1.697079210904345103e+00
-2.033881963206979560e+00
-2.400405414346107769e+00
-2.756931061193489185e+00
-3.064823817847809551e+00
-3.290718726677217099e+00
-3.410136569189389455e+00
-3.707865740215304129e+00
-3.588447897703131773e+00
-3.362552988873725113e+00
-3.054660232219404303e+00
-2.698134585372023331e+00
-2.331611134232894678e+00
-1.994808381930260222e+00
-1.724224132709268442e+00
-1.549180388520233098e+00
-1.488645855129573592e+00
-1.786375026155488266e+00
-1.846909559546147550e+00
-2.021953303735183116e+00
-2.292537552956174451e+00
-2.629340305258809352e+00
-2.995863756397937561e+00
-3.352389403245318533e+00
-3.660282159899638899e+00
-3.886177068729046447e+00
-4.005594911241219691e+00
-4.303324082267134365e+00
-4.183906239754961121e+00
-3.958011330925554461e+00
-3.650118574271234095e+00
-3.293592927423852679e+00
-2.927069476284724026e+00
-2.590266723982090014e+00
-2.319682474761098234e+00
-2.144638730572062446e+00
-2.084104197181403162e+00
-2.381833368207317836e+00
-2.442367901597977120e+00
-2.617411645787012464e+00
-2.887995895008003799e+00
-3.224798647310638700e+00
-3.591322098449767353e+00
-3.947847745297147881e+00
-4.255740501951468246e+00
-4.481635410780875795e+00
-4.601053253293049039e+00
-4.898782424318963713e+00
-4.779364581806791357e+00
-4.553469672977383809e+00
-4.245576916323063443e+00
-3.889051269475682027e+00
-3.522527818336553374e+00
-3.185725066033919362e+00
-2.915140816812927582e+00
-2.740097072623892238e+00
-2.679562539233232510e+00
-2.977291710259147184e+00
-3.037826243649806468e+00
-3.212869987838842256e+00
-3.483454237059833147e+00
-3.820256989362468047e+00
-4.186780440501596701e+00
-4.543306087348977229e+00
-4.851198844003297594e+00
-5.077093752832706031e+00
-5.196511595344878387e+00
-5.494240766370793061e+00
-5.374822923858620705e+00
-5.148928015029213157e+00
-4.841035258374892791e+00
-4.484509611527512263e+00
-4.117986160388383610e+00
-3.781183408085748709e+00
-3.510599158864757818e+00
-3.335555414675721586e+00
-3.275020881285062302e+00
-3.572750052310976976e+00
-3.633284585701636260e+00
-3.808328329890671604e+00
-4.078912579111663383e+00
-4.415715331414297395e+00
-4.782238782553426049e+00
-5.138764429400806577e+00
-5.446657186055126942e+00
-5.672552094884535379e+00
-5.791969937396707735e+00
-6.089699108422622409e+00
-5.970281265910449164e+00
-5.744386357081042505e+00
-5.436493600426722139e+00
-5.079967953579340723e+00
-4.713444502440212069e+00
-4.376641750137578057e+00
-4.106057500916586278e+00
-3.931013756727550934e+00
-3.870479223336891650e+00
-4.168208394362806324e+00
-4.228742927753465608e+00
-4.403786671942500952e+00
-4.674370921163492731e+00
-5.011173673466126743e+00
-5.377697124605255397e+00
-5.734222771452635925e+00
-6.042115528106957179e+00
-6.268010436936364727e+00
-6.387428279448537083e+00
-6.685157450474451757e+00
-6.565739607962279401e+00
-6.339844699132872741e+00
-6.031951942478552375e+00
-5.675426295631170959e+00
-5.308902844492042306e+00
-4.972100092189408294e+00
-4.701515842968416514e+00
-4.526472098779381170e+00
-4.465937565388720998e+00
-4.763666736414635672e+00
-4.824201269805294956e+00
-4.999245013994330300e+00
-5.269829263215322079e+00
-5.606632015517956091e+00
-5.973155466657084744e+00
-6.329681113504466161e+00
-6.637573870158786526e+00
-6.863468778988194074e+00
-6.982886621500366431e+00
-7.280615792526281105e+00
-7.161197950014108748e+00
-6.935303041184701200e+00
-6.627410284530380835e+00
-6.270884637682999418e+00
-5.904361186543871653e+00
-5.567558434241236753e+00
-5.296974185020244974e+00
-5.121930440831209630e+00
-5.061395907440550346e+00
-5.359125078466465020e+00
-5.419659611857124304e+00
-5.594703356046159648e+00
-5.865287605267151427e+00
-6.202090357569785439e+00
-6.568613808708914092e+00
-6.925139455556295509e+00
-7.233032212210615874e+00
-7.458927121040023422e+00
-7.578344963552195779e+00
-7.876074134578111341e+00
-7.756656292065938985e+00
-7.530761383236531437e+00
-7.222868626582211071e+00
-6.866342979734829655e+00
-6.499819528595701001e+00
-6.163016776293066989e+00
-5.892432527072075210e+00
-5.717388782883039866e+00
-5.656854249492379694e+00
6.905054249492381224e+00
6.905054249492381224e+00
6.905054249492381224e+00
6.905054249492381224e+00
6.905054249492381224e+00
6.905054249492381224e+00
6.905054249492381224e+00
6.905054249492381224e+00
6.905054249492381224e+00
6.905054249492381224e+00
7.326106881071328125e+00
7.326106881071328125e+00
7.326106881071328125e+00
7.326106881071328125e+00
7.326106881071328125e+00
7.326106881071329013e+00
7.326106881071329013e+00
7.326106881071329013e+00
7.326106881071329013e+00
7.326106881071329013e+00
7.747159512650275914e+00
7.747159512650275914e+00
7.747159512650275914e+00
7.747159512650275914e+00
7.747159512650275914e+00
7.747159512650275914e+00
7.747159512650275914e+00
7.747159512650275914e+00
7.747159512650275914e+00
7.747159512650275914e+00
8.168212144229222815e+00
8.168212144229222815e+00
8.168212144229222815e+00
8.168212144229222815e+00
8.168212144229222815e+00
8.168212144229222815e+00
8.168212144229222815e+00
8.168212144229222815e+00
8.168212144229222815e+00
8.168212144229222815e+00
8.589264775808169716e+00
8.589264775808169716e+00
8.589264775808169716e+00
8.589264775808169716e+00
8.589264775808169716e+00
8.589264775808169716e+00
8.589264775808169716e+00
8.589264775808169716e+00
8.589264775808169716e+00
8.589264775808169716e+00
9.010317407387116617e+00
9.010317407387116617e+00
9.010317407387116617e+00
9.010317407387116617e+00
9.010317407387116617e+00
9.010317407387118394e+00
9.010317407387118394e+00
9.010317407387118394e+00
9.010317407387118394e+00
9.010317407387118394e+00
9.431370038966065295e+00
9.431370038966065295e+00
9.431370038966065295e+00
9.431370038966065295e+00
9.431370038966065295e+00
9.431370038966065295e+00
9.431370038966065295e+00
9.431370038966065295e+00
9.431370038966065295e+00
9.431370038966065295e+00
9.852422670545012195e+00
9.852422670545012195e+00
9.852422670545012195e+00
9.852422670545012195e+00
9.852422670545012195e+00
9.852422670545012195e+00
9.852422670545012195e+00
9.852422670545012195e+00
9.852422670545012195e+00
9.852422670545012195e+00
1.027347530212395910e+01
1.027347530212395910e+01
1.027347530212395910e+01
1.027347530212395910e+01
1.027347530212395910e+01
1.027347530212395910e+01
1.027347530212395910e+01
1.027347530212395910e+01
1.027347530212395910e+01
1.027347530212395910e+01
1.069452793370290600e+01
1.069452793370290600e+01
1.069452793370290777e+01
1.069452793370290777e+01
1.069452793370290777e+01
1.069452793370290777e+01
1.069452793370290777e+01
1.069452793370290777e+01
1.069452793370290777e+01
1.069452793370290777e+01
1.111558056528185467e+01
1.111558056528185467e+01
1.111558056528185467e+01
1.111558056528185467e+01
1.111558056528185467e+01
1.111558056528185290e+01
1.111558056528185290e+01
1.111558056528185290e+01
1.111558056528185290e+01
1.111558056528185290e+01
1.153663319686080158e+01
1.153663319686080158e+01
1.153663319686080158e+01
1.153663319686080158e+01
1.153663319686080158e+01
1.153663319686080158e+01
1.153663319686080158e+01
1.153663319686080158e+01
1.153663319686080158e+01
1.153663319686080158e+01
1.195768582843975025e+01
1.195768582843975025e+01
1.195768582843975025e+01
1.195768582843975025e+01
1.195768582843974848e+01
1.195768582843974848e+01
1.195768582843974848e+01
1.195768582843974848e+01
1.195768582843974848e+01
1.195768582843974848e+01
1.237873846001869538e+01
1.237873846001869538e+01
1.237873846001869538e+01
1.237873846001869538e+01
1.237873846001869538e+01
1.237873846001869538e+01
1.237873846001869538e+01
1.237873846001869538e+01
1.237873846001869538e+01
1.237873846001869538e+01
1.279979109159764405e+01
1.279979109159764405e+01
1.279979109159764405e+01
1.279979109159764405e+01
1.279979109159764405e+01
1.279979109159764405e+01
1.279979109159764405e+01
1.279979109159764405e+01
1.279979109159764405e+01
1.279979109159764405e+01
1.322084372317659096e+01
1.322084372317659096e+01
1.322084372317659096e+01
1.322084372317659096e+01
1.322084372317659096e+01
1.322084372317659096e+01
1.322084372317659096e+01
1.322084372317659273e+01
1.322084372317659273e+01
1.322084372317659273e+01
1.364189635475553786e+01
1.364189635475553786e+01
1.364189635475553786e+01
1.364189635475553786e+01
1.364189635475553786e+01
1.364189635475553786e+01
1.364189635475553786e+01
1.364189635475553786e+01
1.364189635475553786e+01
1.364189635475553786e+01
1.406294898633448476e+01
1.406294898633448476e+01
1.406294898633448476e+01
1.406294898633448476e+01
1.406294898633448476e+01
1.406294898633448476e+01
1.406294898633448476e+01
1.406294898633448476e+01
1.406294898633448476e+01
1.406294898633448653e+01
1.448400161791343166e+01
1.448400161791343166e+01
1.448400161791343166e+01
1.448400161791343166e+01
1.448400161791343166e+01
1.448400161791343166e+01
1.448400161791343166e+01
1.448400161791343166e+01
1.448400161791343166e+01
1.448400161791343166e+01
1.490505424949238034e+01
1.490505424949238034e+01
1.490505424949238034e+01
1.490505424949238034e+01
1.490505424949238034e+01
1.490505424949238034e+01
1.490505424949238034e+01
1.490505424949238034e+01
1.490505424949238034e+01
1.490505424949238034e+01
6.905054249492380336e+00
6.837423330583113135e+00
6.641859433320959738e+00
6.339554940460794263e+00
5.963269234541526131e+00
5.553778710473815217e+00
5.155458020440544686e+00
4.811471391789130969e+00
4.559095113236440788e+00
4.425678070585102653e+00
4.425678070585102653e+00
4.559095113236440788e+00
4.811471391789130081e+00
5.155458020440543798e+00
5.553778710473815217e+00
5.963269234541526131e+00
6.339554940460793375e+00
6.641859433320958850e+00
6.837423330583112246e+00
6.905054249492380336e+00
6.905054249492380336e+00
6.837423330583113135e+00
6.641859433320959738e+00
6.339554940460794263e+00
5.963269234541526131e+00
5.553778710473815217e+00
5.155458020440544686e+00
4.811471391789130969e+00
4.559095113236440788e+00
4.425678070585102653e+00
4.425678070585102653e+00
4.559095113236440788e+00
4.811471391789130081e+00
5.155458020440543798e+00
5.553778710473815217e+00
5.963269234541526131e+00
6.339554940460793375e+00
6.641859433320958850e+00
6.837423330583112246e+00
6.905054249492380336e+00
6.905054249492380336e+00
6.837423330583113135e+00
6.641859433320959738e+00
6.339554940460794263e+00
5.963269234541526131e+00
5.553778710473815217e+00
5.155458020440544686e+00
4.811471391789130969e+00
4.559095113236440788e+00
4.425678070585102653e+00
4.425678070585102653e+00
4.559095113236440788e+00
4.811471391789130081e+00
5.155458020440543798e+00
5.553778710473815217e+00
5.963269234541526131e+00
6.339554940460793375e+00
6.641859433320958850e+00
6.837423330583112246e+00
6.905054249492380336e+00
6.905054249492380336e+00
6.837423330583113135e+00
6.641859433320959738e+00
6.339554940460794263e+00
5.963269234541526131e+00
5.553778710473815217e+00
5.155458020440544686e+00
4.811471391789130969e+00
4.559095113236440788e+00
4.425678070585102653e+00
4.425678070585102653e+00
4.559095113236440788e+00
4.811471391789130081e+00
5.155458020440543798e+00
5.553778710473815217e+00
5.963269234541526131e+00
6.339554940460793375e+00
6.641859433320958850e+00
6.837423330583112246e+00
6.905054249492380336e+00
6.905054249492380336e+00
6.837423330583113135e+00
6.641859433320959738e+00
6.339554940460794263e+00
5.963269234541526131e+00
5.553778710473815217e+00
5.155458020440544686e+00
4.811471391789130969e+00
4.559095113236440788e+00
4.425678070585102653e+00
4.425678070585102653e+00
4.559095113236440788e+00
4.811471391789130081e+00
5.155458020440543798e+00
5.553778710473815217e+00
5.963269234541526131e+00
6.339554940460793375e+00
6.641859433320958850e+00
6.837423330583112246e+00
6.905054249492380336e+00
6.905054249492380336e+00
6.837423330583113135e+00
6.641859433320959738e+00
6.339554940460794263e+00
5.963269234541526131e+00
5.553778710473815217e+00
5.155458020440544686e+00
4.811471391789130969e+00
4.559095113236440788e+00
4.425678070585102653e+00
4.425678070585102653e+00
4.559095113236440788e+00
4.811471391789130081e+00
5.155458020440543798e+00
5.553778710473815217e+00
5.963269234541526131e+00
6.339554940460793375e+00
6.641859433320958850e+00
6.837423330583112246e+00
6.905054249492380336e+00
6.905054249492380336e+00
6.837423330583113135e+00
6.641859433320959738e+00
6.339554940460794263e+00
5.963269234541526131e+00
5.553778710473815217e+00
5.155458020440544686e+00
4.811471391789130969e+00
4.559095113236440788e+00
4.425678070585102653e+00
4.425678070585102653e+00
4.559095113236440788e+00
4.811471391789130081e+00
5.155458020440543798e+00
5.553778710473815217e+00
5.963269234541526131e+00
6.339554940460793375e+00
6.641859433320958850e+00
6.837423330583112246e+00
6.905054249492380336e+00
6.905054249492380336e+00
6.837423330583113135e+00
6.641859433320959738e+00
6.339554940460794263e+00
5.963269234541526131e+00
5.553778710473815217e+00
5.155458020440544686e+00
4.811471391789130969e+00
4.559095113236440788e+00
4.425678070585102653e+00
4.425678070585102653e+00
4.559095113236440788e+00
4.811471391789130081e+00
5.155458020440543798e+00
5.553778710473815217e+00
5.963269234541526131e+00
6.339554940460793375e+00
6.641859433320958850e+00
6.837423330583112246e+00
6.905054249492380336e+00
6.905054249492380336e+00
6.837423330583113135e+00
6.641859433320959738e+00
6.339554940460794263e+00
5.963269234541526131e+00
5.553778710473815217e+00
5.155458020440544686e+00
4.811471391789130969e+00
4.559095113236440788e+00
4.425678070585102653e+00
4.425678070585102653e+00
4.559095113236440788e+00
4.811471391789130081e+00
5.155458020440543798e+00
5.553778710473815217e+00
5.963269234541526131e+00
6.339554940460793375e+00
6.641859433320958850e+00
6.837423330583112246e+00
6.905054249492380336e+00
6.905054249492380336e+00
6.837423330583113135e+00
6.641859433320959738e+00
6.339554940460794263e+00
5.963269234541526131e+00
5.553778710473815217e+00
5.155458020440544686e+00
4.811471391789130969e+00
4.559095113236440788e+00
4.425678070585102653e+00
4.425678070585102653e+00
4.559095113236440788e+00
4.811471391789130081e+00
5.155458020440543798e+00
5.553778710473815217e+00
5.963269234541526131e+00
6.339554940460793375e+00
6.641859433320958850e+00
6.837423330583112246e+00
6.905054249492380336e+00
1.365685424949238502e+01
1.369463385178149473e+01
1.380387865252987112e+01
1.397275028246869333e+01
1.418294888018076705e+01
1.441169616603669645e+01
1.463420382223414684e+01
1.482635969166210899e+01
1.496734070426254171e+01
1.504186937977438809e+01
1.533959855080030366e+01
1.526506987528845727e+01
1.512408886268802455e+01
1.493193299326006240e+01
1.470942533706261202e+01
1.448067805120668261e+01
1.427047945349460711e+01
1.410160782355578668e+01
1.399236302280741029e+01
1.395458342051829881e+01
1.425231259154421437e+01
1.429009219383332407e+01
1.439933699458170224e+01
1.456820862452052268e+01
1.477840722223259640e+01
1.500715450808852580e+01
1.522966216428597619e+01
1.542181803371393833e+01
1.556279904631437105e+01
1.563732772182621922e+01
1.593505689285213300e+01
1.586052821734028662e+01
1.571954720473985390e+01
1.552739133531189175e+01
1.530488367911444136e+01
1.507613639325851196e+01
1.486593779554643646e+01
1.469706616560761603e+01
1.458782136485923964e+01
1.455004176257012816e+01
1.484777093359604372e+01
1.488555053588515342e+01
1.499479533663353159e+01
1.516366696657235202e+01
1.537386556428442574e+01
1.560261285014035515e+01
1.582512050633780554e+01
1.601727637576576768e+01
1.615825738836619863e+01
1.623278606387804857e+01
1.653051523490396235e+01
1.645598655939211596e+01
1.631500554679168147e+01
1.612284967736372110e+01
1.590034202116627071e+01
1.567159473531034131e+01
1.546139613759826759e+01
1.529252450765944538e+01
1.518327970691106898e+01
1.514550010462195750e+01
1.544322927564787307e+01
1.548100887793698277e+01
1.559025367868536094e+01
1.575912530862418137e+01
1.596932390633625509e+01
1.619807119219218450e+01
1.642057884838963489e+01
1.661273471781759525e+01
1.675371573041802975e+01
1.682824440592987614e+01
1.712597357695578992e+01
1.705144490144394354e+01
1.691046388884350904e+01
1.671830801941554867e+01
1.649580036321809828e+01
1.626705307736217065e+01
1.605685447965009516e+01
1.588798284971127650e+01
1.577873804896289833e+01
1.574095844667378863e+01
1.603868761769970064e+01
1.607646721998881034e+01
1.618571202073718851e+01
1.635458365067600894e+01
1.656478224838808444e+01
1.679352953424401207e+01
1.701603719044146246e+01
1.720819305986942638e+01
1.734917407246985732e+01
1.742370274798170726e+01
1.772143191900762105e+01
1.764690324349577466e+01
1.750592223089534016e+01
1.731376636146737980e+01
1.709125870526992941e+01
1.686251141941399823e+01
1.665231282170192628e+01
1.648344119176310585e+01
1.637419639101472768e+01
1.633641678872561798e+01
1.663414595975153176e+01
1.667192556204064147e+01
1.678117036278901963e+01
1.695004199272784007e+01
1.716024059043991201e+01
1.738898787629584319e+01
1.761149553249329358e+01
1.780365140192125395e+01
1.794463241452168845e+01
1.801916109003353483e+01
1.831689026105944862e+01
1.824236158554760223e+01
1.810138057294717129e+01
1.790922470351920737e+01
1.768671704732175698e+01
1.745796976146582935e+01
1.724777116375375385e+01
1.707889953381493342e+01
1.696965473306655525e+01
1.693187513077744555e+01
1.722960430180335933e+01
1.726738390409246904e+01
1.737662870484084721e+01
1.754550033477966764e+01
1.775569893249174314e+01
1.798444621834767077e+01
1.820695387454512115e+01
1.839910974397308507e+01
1.854009075657351957e+01
1.861461943208536596e+01
1.891234860311127974e+01
1.883781992759943336e+01
1.869683891499899886e+01
1.850468304557103849e+01
1.828217538937358810e+01
1.805342810351765692e+01
1.784322950580558143e+01
1.767435787586676099e+01
1.756511307511838638e+01
1.752733347282927312e+01
1.782506264385519046e+01
1.786284224614430016e+01
1.797208704689267833e+01
1.814095867683149876e+01
1.835115727454357071e+01
1.857990456039950189e+01
1.880241221659695228e+01
1.899456808602491265e+01
1.913554909862534714e+01
1.921007777413719353e+01
1.950780694516311087e+01
1.943327826965126093e+01
1.929229725705082998e+01
1.910014138762286962e+01
1.887763373142541923e+01
1.864888644556948805e+01
1.843868784785741255e+01
1.826981621791859212e+01
1.816057141717021395e+01
1.812279181488110424e+01
1.842052098590701803e+01
1.845830058819613129e+01
1.856754538894450590e+01
1.873641701888332634e+01
1.894661561659540183e+01
1.917536290245133301e+01
1.939787055864878340e+01
1.959002642807674377e+01
1.973100744067717827e+01
1.980553611618902465e+01
2.010326528721493844e+01
2.002873661170309205e+01
1.988775559910265756e+01
1.969559972967469719e+01
1.947309207347724680e+01
1.924434478762131562e+01
1.903414618990924367e+01
1.886527455997042324e+01
1.875602975922204507e+01
1.871825015693293182e+01
1.901597932795884915e+01
1.905375893024795886e+01
1.916300373099633703e+01
1.933187536093515746e+01
1.954207395864722940e+01
1.977082124450316059e+01
1.999332890070061097e+01
2.018548477012857489e+01
2.032646578272900584e+01
2.040099445824085223e+01
2.069872362926676956e+01
2.062419495375492318e+01
2.048321394115448868e+01
2.029105807172652831e+01
2.006855041552907792e+01
1.983980312967314674e+01
1.962960453196107125e+01
1.946073290202225081e+01
1.935148810127387264e+01
1.931370849898476294e+01
1.505137913065012256e+01
1.501359952836100931e+01
1.490435472761263469e+01
1.473548309767381426e+01
1.452528449996173876e+01
1.429653721410580758e+01
1.407402955790835719e+01
1.388187368848039682e+01
1.374089267587996233e+01
1.366636400036811594e+01
1.396409317139402972e+01
1.403862184690587611e+01
1.417960285950631061e+01
1.437175872893427098e+01
1.459426638513172136e+01
1.482301367098765255e+01
1.503321226869972804e+01
1.520208389863854848e+01
1.531132869938692664e+01
1.534910830167603635e+01
1.564683747270195013e+01
1.560905787041284043e+01
1.549981306966446226e+01
1.533094143972564183e+01
1.512074284201356633e+01
1.489199555615763870e+01
1.466948789996018832e+01
1.447733203053222439e+01
1.433635101793179345e+01
1.426182234241994351e+01
1.455955151344586085e+01
1.463408018895770724e+01
1.477506120155813818e+01
1.496721707098610210e+01
1.518972472718355249e+01
1.541847201303948012e+01
1.562867061075155561e+01
1.579754224069037605e+01
1.590678704143875422e+01
1.594456664372786392e+01
1.624229581475377771e+01
1.620451621246466800e+01
1.609527141171629339e+01
1.592639978177746940e+01
1.571620118406539746e+01
1.548745389820946627e+01
1.526494624201201589e+01
1.507279037258405552e+01
1.493180935998362102e+01
1.485728068447177463e+01
1.515500985549768842e+01
1.522953853100953481e+01
1.537051954360996930e+01
1.556267541303792967e+01
1.578518306923538006e+01
1.601393035509131124e+01
1.622412895280338674e+01
1.639300058274220717e+01
1.650224538349058179e+01
1.654002498577969504e+01
1.683775415680560883e+01
1.679997455451649557e+01
1.669072975376812096e+01
1.652185812382930052e+01
1.631165952611722503e+01
1.608291224026129740e+01
1.586040458406384701e+01
1.566824871463588309e+01
1.552726770203545215e+01
1.545273902652360221e+01
1.575046819754951954e+01
1.582499687306136593e+01
1.596597788566179688e+01
1.615813375508976080e+01
1.638064141128721118e+01
1.660938869714313881e+01
1.681958729485521431e+01
1.698845892479403474e+01
1.709770372554241291e+01
1.713548332783152262e+01
1.743321249885743640e+01
1.739543289656832670e+01
1.728618809581994853e+01
1.711731646588112810e+01
1.690711786816905615e+01
1.667837058231312497e+01
1.645586292611567458e+01
1.626370705668771421e+01
1.612272604408727972e+01
1.604819736857543333e+01
1.634592653960134712e+01
1.642045521511319350e+01
1.656143622771362800e+01
1.675359209714158837e+01
1.697609975333903876e+01
1.720484703919496994e+01
1.741504563690704188e+01
1.758391726684586587e+01
1.769316206759424048e+01
1.773094166988335019e+01
1.802867084090926753e+01
1.799089123862015782e+01
1.788164643787177965e+01
1.771277480793295922e+01
1.750257621022088372e+01
1.727382892436495254e+01
1.705132126816750215e+01
1.685916539873954179e+01
1.671818438613910729e+01
1.664365571062726090e+01
1.694138488165317824e+01
1.701591355716502463e+01
1.715689456976545557e+01
1.734905043919341949e+01
1.757155809539086988e+01
1.780030538124679751e+01
1.801050397895887301e+01
1.817937560889769344e+01
1.828862040964607161e+01
1.832640001193518131e+01
1.862412918296109510e+01
1.858634958067198539e+01
1.847710477992360723e+01
1.830823314998478679e+01
1.809803455227271485e+01
1.786928726641678367e+01
1.764677961021933328e+01
1.745462374079136936e+01
1.731364272819093841e+01
1.723911405267909203e+01
1.753684322370500581e+01
1.761137189921685220e+01
1.775235291181728314e+01
1.794450878124524706e+01
1.816701643744269745e+01
1.839576372329862863e+01
1.860596232101070058e+01
1.877483395094952101e+01
1.888407875169789918e+01
1.892185835398701244e+01
1.921958752501292622e+01
1.918180792272381296e+01
1.907256312197543835e+01
1.890369149203661792e+01
1.869349289432454242e+01
1.846474560846861124e+01
1.824223795227116085e+01
1.805008208284320048e+01
1.790910107024276599e+01
1.783457239473091960e+01
1.813230156575683338e+01
1.820683024126868332e+01
1.834781125386911427e+01
1.853996712329707464e+01
1.876247477949452502e+01
1.899122206535045621e+01
1.920142066306253170e+01
1.937029229300135214e+01
1.947953709374973030e+01
1.951731669603884001e+01
1.981504586706475379e+01
1.977726626477564409e+01
1.966802146402726592e+01
1.949914983408844549e+01
1.928895123637636999e+01
1.906020395052044236e+01
1.883769629432299197e+01
1.864554042489503161e+01
1.850455941229459711e+01
1.843003073678274717e+01
1.872775990780866451e+01
1.880228858332051090e+01
1.894326959592094539e+01
1.913542546534890576e+01
1.935793312154635615e+01
1.958668040740228378e+01
1.979687900511435927e+01
1.996575063505317971e+01
2.007499543580155787e+01
2.011277503809066758e+01
2.041050420911658492e+01
2.037272460682747521e+01
2.026347980607909705e+01
2.009460817614027661e+01
1.988440957842820112e+01
1.965566229257226993e+01
1.943315463637481955e+01
1.924099876694685918e+01
1.910001775434642468e+01
1.902548907883457829e+01
1.932321824986049563e+01
1.939774692537233847e+01
1.953872793797277296e+01
1.973088380740073688e+01
1.995339146359818727e+01
2.018213874945411490e+01
2.039233734716619040e+01
2.056120897710501083e+01
2.067045377785338900e+01
2.070823338014249870e+01
7.051379130650118121e+00
7.013599528361007529e+00
6.904354727612630249e+00
6.735483097673809816e+00
6.525284499961735207e+00
6.296537214105805802e+00
6.074029557908354526e+00
5.881873688480393270e+00
5.740892675879959661e+00
5.666364000368113274e+00
5.964093171394027948e+00
6.038621846905874335e+00
6.179602859506307944e+00
6.371758728934269200e+00
6.594266385131719588e+00
6.823013670987649881e+00
7.033212268699724490e+00
7.202083898638544923e+00
7.311328699386922203e+00
7.349108301676032795e+00
7.646837472701947469e+00
7.609057870412836877e+00
7.499813069664459597e+00
7.330941439725639164e+00
7.120742842013565443e+00
6.891995556157635150e+00
6.669487899960184762e+00
6.477332030532222618e+00
6.336351017931789897e+00
6.261822342419942622e+00
6.559551513445857296e+00
6.634080188957704571e+00
6.775061201558137292e+00
6.967217070986098548e+00
7.189724727183549824e+00
7.418472013039479229e+00
7.628670610751553838e+00
7.797542240690375159e+00
7.906787041438751551e+00
7.944566643727862143e+00
8.242295814753777705e+00
8.204516212464668001e+00
8.095271411716289833e+00
7.926399781777468512e+00
7.716201184065394791e+00
7.487453898209464498e+00
7.264946242012014110e+00
7.072790372584052854e+00
6.931809359983619245e+00
6.857280684471771970e+00
7.155009855497686644e+00
7.229538531009533919e+00
7.370519543609966640e+00
7.562675413037928784e+00
7.785183069235379172e+00
8.013930355091309465e+00
8.224128952803383186e+00
8.393000582742205395e+00
8.502245383490581787e+00
8.540024985779693267e+00
8.837754156805607053e+00
8.799974554516497349e+00
8.690729753768119181e+00
8.521858123829298748e+00
8.311659526117225028e+00
8.082912240261293846e+00
7.860404584063843458e+00
7.668248714635882202e+00
7.527267702035448593e+00
7.452739026523601318e+00
7.750468197549516880e+00
7.824996873061363267e+00
7.965977885661795987e+00
8.158133755089759021e+00
8.380641411287209408e+00
8.609388697143138813e+00
8.819587294855212534e+00
8.988458924794034743e+00
9.097703725542411135e+00
9.135483327831522615e+00
9.433212498857436401e+00
9.395432896568326697e+00
9.286188095819950306e+00
9.117316465881128096e+00
8.907117868169054375e+00
8.678370582313123194e+00
8.455862926115672806e+00
8.263707056687712438e+00
8.122726044087277941e+00
8.048197368575431554e+00
8.345926539601347116e+00
8.420455215113193503e+00
8.561436227713626224e+00
8.753592097141588368e+00
8.976099753339038756e+00
9.204847039194968161e+00
9.415045636907043658e+00
9.583917266845864091e+00
9.693162067594242259e+00
9.730941669883351963e+00
1.002867084090926575e+01
9.990891238620156045e+00
9.881646437871777877e+00
9.712774807932957444e+00
9.502576210220883723e+00
9.273828924364954318e+00
9.051321268167503931e+00
8.859165398739541786e+00
8.718184386139109066e+00
8.643655710627260902e+00
8.941384881653176464e+00
9.015913557165022851e+00
9.156894569765457348e+00
9.349050439193417716e+00
9.571558095390868104e+00
9.800305381246799286e+00
1.001050397895887301e+01
1.017937560889769344e+01
1.028862040964607161e+01
1.032640001193518131e+01
1.062412918296109687e+01
1.058634958067198539e+01
1.047710477992360900e+01
1.030823314998478857e+01
1.009803455227271307e+01
9.869287266416783666e+00
9.646779610219333279e+00
9.454623740791371134e+00
9.313642728190938413e+00
9.239114052679090250e+00
9.536843223705005812e+00
9.611371899216852199e+00
9.752352911817284919e+00
9.944508781245247064e+00
1.016701643744269745e+01
1.039576372329862686e+01
1.060596232101070235e+01
1.077483395094952279e+01
1.088407875169790096e+01
1.092185835398701066e+01
1.121958752501292444e+01
1.118180792272381474e+01
1.107256312197543835e+01
1.090369149203661614e+01
1.069349289432454420e+01
1.046474560846861301e+01
1.024223795227116263e+01
1.005008208284320048e+01
9.909101070242767761e+00
9.834572394730921374e+00
1.013230156575683516e+01
1.020683024126868155e+01
1.034781125386911604e+01
1.053996712329707641e+01
1.076247477949452680e+01
1.099122206535045798e+01
1.120142066306253170e+01
1.137029229300135391e+01
1.147953709374973030e+01
1.151731669603884178e+01
1.181504586706475557e+01
1.177726626477564587e+01
1.166802146402726770e+01
1.149914983408844726e+01
1.128895123637637177e+01
1.106020395052044236e+01
1.083769629432299197e+01
1.064554042489502983e+01
1.050455941229459711e+01
1.043003073678274895e+01
1.072775990780866451e+01
1.080228858332051090e+01
1.094326959592094362e+01
1.113542546534890576e+01
1.135793312154635615e+01
1.158668040740228555e+01
1.179687900511436105e+01
1.196575063505318148e+01
1.207499543580155965e+01
1.211277503809066936e+01
1.241050420911658492e+01
1.237272460682747344e+01
1.226347980607909705e+01
1.209460817614027484e+01
1.188440957842820289e+01
1.165566229257227171e+01
1.143315463637482132e+01
1.124099876694686095e+01
1.110001775434642646e+01
1.102548907883458007e+01
1.132321824986049386e+01
1.139774692537234024e+01
1.153872793797277474e+01
1.173088380740073511e+01
1.195339146359818550e+01
1.218213874945411668e+01
1.239233734716619217e+01
1.256120897710501261e+01
1.267045377785338900e+01
1.270823338014250048e+01
5.656854249492380582e+00
5.619074647203269990e+00
5.509829846454892710e+00
5.340958216516072277e+00
5.130759618803997668e+00
4.902012332948068263e+00
4.679504676750616987e+00
4.487348807322655730e+00
4.346367794722222122e+00
4.271839119210375735e+00
3.974109948184461061e+00
4.048638623696307448e+00
4.189619636296741056e+00
4.381775505724702313e+00
4.604283161922152701e+00
4.833030447778082994e+00
5.043229045490157603e+00
5.212100675428978036e+00
5.321345476177355316e+00
5.359125078466465908e+00
5.061395907440551234e+00
5.023616305151440642e+00
4.914371504403063362e+00
4.745499874464242929e+00
4.535301276752168320e+00
4.306553990896238027e+00
4.084046334698787639e+00
3.891890465270826382e+00
3.750909452670392774e+00
3.676380777158546387e+00
3.378651606132630825e+00
3.453180281644478100e+00
3.594161294244911709e+00
3.786317163672872965e+00
4.008824819870323353e+00
4.237572105726253646e+00
4.447770703438327367e+00
4.616642333377148688e+00
4.725887134125525968e+00
4.763666736414636560e+00
4.465937565388721886e+00
4.428157963099611294e+00
4.318913162351234014e+00
4.150041532412413581e+00
3.939842934700338972e+00
3.711095648844408679e+00
3.488587992646958291e+00
3.296432123218997035e+00
3.155451110618563426e+00
3.080922435106716151e+00
2.783193264080801477e+00
2.857721939592648752e+00
2.998702952193081472e+00
3.190858821621042729e+00
3.413366477818494005e+00
3.642113763674424298e+00
3.852312361386498019e+00
4.021183991325319340e+00
4.130428792073696620e+00
4.168208394362807212e+00
3.870479223336892538e+00
3.832699621047781058e+00
3.723454820299404666e+00
3.554583190360584233e+00
3.344384592648509624e+00
3.115637306792579331e+00
2.893129650595128943e+00
2.700973781167166798e+00
2.559992768566734078e+00
2.485464093054886803e+00
2.187734922028972129e+00
2.262263597540819404e+00
2.403244610141252124e+00
2.595400479569213381e+00
2.817908135766663769e+00
3.046655421622594062e+00
3.256854019334668671e+00
3.425725649273489104e+00
3.534970450021867272e+00
3.572750052310976976e+00
3.275020881285062302e+00
3.237241278995951710e+00
3.127996478247575318e+00
2.959124848308753997e+00
2.748926250596679388e+00
2.520178964740749983e+00
2.297671308543298707e+00
2.105515439115337450e+00
1.964534426514904064e+00
1.890005751003057233e+00
1.592276579977142559e+00
1.666805255488989390e+00
1.807786268089422554e+00
1.999942137517383811e+00
2.222449793714834421e+00
2.451197079570764714e+00
2.661395677282839323e+00
2.830267307221659756e+00
2.939512107970037036e+00
2.977291710259147628e+00
2.679562539233232954e+00
2.641782936944122362e+00
2.532538136195745082e+00
2.363666506256924649e+00
2.153467908544850040e+00
1.924720622688919969e+00
1.702212966491469581e+00
1.510057097063508325e+00
1.369076084463074716e+00
1.294547408951227885e+00
9.968182379253127667e-01
1.071346913437159598e+00
1.212327926037592762e+00
1.404483795465554019e+00
1.626991451663004851e+00
1.855738737518934700e+00
2.065937335231009087e+00
2.234808965169830408e+00
2.344053765918206800e+00
2.381833368207317392e+00
2.084104197181403606e+00
2.046324594892293014e+00
1.937079794143915956e+00
1.768208164205095079e+00
1.558009566493020914e+00
1.329262280637090621e+00
1.106754624439640233e+00
9.145987550116785325e-01
7.736177424112449241e-01
6.990890668993985368e-01
4.013598958734838629e-01
4.758885713853311383e-01
6.168695839857638585e-01
8.090254534137251152e-01
1.031533109611175947e+00
1.260280395467106240e+00
1.470478993179180405e+00
1.639350623118001282e+00
1.748595423866378118e+00
1.786375026155488710e+00
1.488645855129574036e+00
1.450866252840463444e+00
1.341621452092086164e+00
1.172749822153265287e+00
9.625512244411911222e-01
7.338039385852608287e-01
5.112962823878104413e-01
3.191404129598491846e-01
1.781594003594155762e-01
1.036307248475691889e-01
-1.940984461783463733e-01
-1.195697706664990978e-01
2.141124193393362241e-02
2.135671113618948791e-01
4.360747675593461548e-01
6.648220534152755601e-01
8.750206511273501686e-01
1.043892281066171046e+00
1.153137081814548326e+00
1.190916684103658918e+00
8.931875130777446881e-01
8.554079107886340960e-01
7.461631100402568162e-01
5.772914801014363828e-01
3.670928823893617743e-01
1.383455965334314808e-01
-8.416205966401890670e-02
-2.763179290919801634e-01
-4.172989416924137718e-01
-4.918276172042610472e-01
-7.895567882301748330e-01
-7.150281127183284458e-01
-5.740471001178948374e-01
-3.818912306899335807e-01
-1.593835744924831932e-01
6.936371136344710031e-02
2.795623090755217088e-01
4.484339390143421422e-01
5.576787397627194220e-01
5.954583420518300141e-01
2.977291710259144519e-01
2.599495687368047481e-01
1.507047679884274682e-01
-1.816686195039385332e-02
-2.283654596624675737e-01
-4.571127455183978672e-01
-6.796204017158482547e-01
-8.717762711438095113e-01
-1.012757283744243120e+00
-1.087285959256090395e+00
-1.385015130282005069e+00
-1.310486454770158682e+00
-1.169505442169725073e+00
-9.773495727417638168e-01
-7.548419165443134293e-01
-5.260946306883831358e-01
-3.158960329763085273e-01
-1.470244030374880939e-01
-3.777960228911081408e-02
-2.220446049250313081e-16
-4.408654249492380828e+00
-4.476285168401648029e+00
-4.671849065663801426e+00
-4.974153558523966900e+00
-5.350439264443235032e+00
-5.759929788510945947e+00
-6.158250478544216477e+00
-6.502237107195630195e+00
-6.754613385748320376e+00
-6.888030428399658511e+00
-6.888030428399658511e+00
-6.754613385748320376e+00
-6.502237107195631083e+00
-6.158250478544217366e+00
-5.759929788510945947e+00
-5.350439264443235032e+00
-4.974153558523967789e+00
-4.671849065663802314e+00
-4.476285168401648917e+00
-4.408654249492380828e+00
-4.408654249492380828e+00
-4.476285168401648029e+00
-4.671849065663801426e+00
-4.974153558523966900e+00
-5.350439264443235032e+00
-5.759929788510945947e+00
-6.158250478544216477e+00
-6.502237107195630195e+00
-6.754613385748320376e+00
-6.888030428399658511e+00
-6.888030428399658511e+00
-6.754613385748320376e+00
-6.502237107195631083e+00
-6.158250478544217366e+00
-5.759929788510945947e+00
-5.350439264443235032e+00
-4.974153558523967789e+00
-4.671849065663802314e+00
-4.476285168401648917e+00
-4.408654249492380828e+00
-4.408654249492380828e+00
-4.476285168401648029e+00
-4.671849065663801426e+00
-4.974153558523966900e+00
-5.350439264443235032e+00
-5.759929788510945947e+00
-6.158250478544216477e+00
-6.502237107195630195e+00
-6.754613385748320376e+00
-6.888030428399658511e+00
-6.888030428399658511e+00
-6.754613385748320376e+00
-6.502237107195631083e+00
-6.158250478544217366e+00
-5.759929788510945947e+00
-5.350439264443235032e+00
-4.974153558523967789e+00
-4.671849065663802314e+00
-4.476285168401648917e+00
-4.408654249492380828e+00
-4.408654249492380828e+00
-4.476285168401648029e+00
-4.671849065663801426e+00
-4.974153558523966900e+00
-5.350439264443235032e+00
-5.759929788510945947e+00
-6.158250478544216477e+00
-6.502237107195630195e+00
-6.754613385748320376e+00
-6.888030428399658511e+00
-6.888030428399658511e+00
-6.754613385748320376e+00
-6.502237107195631083e+00
-6.158250478544217366e+00
-5.759929788510945947e+00
-5.350439264443235032e+00
-4.974153558523967789e+00
-4.671849065663802314e+00
-4.476285168401648917e+00
-4.408654249492380828e+00
-4.408654249492380828e+00
-4.476285168401648029e+00
-4.671849065663801426e+00
-4.974153558523966900e+00
-5.350439264443235032e+00
-5.759929788510945947e+00
-6.158250478544216477e+00
-6.502237107195630195e+00
-6.754613385748320376e+00
-6.888030428399658511e+00
-6.888030428399658511e+00
-6.754613385748320376e+00
-6.502237107195631083e+00
-6.158250478544217366e+00
-5.759929788510945947e+00
-5.350439264443235032e+00
-4.974153558523967789e+00
-4.671849065663802314e+00
-4.476285168401648917e+00
-4.408654249492380828e+00
-4.408654249492380828e+00
-4.476285168401648029e+00
-4.671849065663801426e+00
-4.974153558523966900e+00
-5.350439264443235032e+00
-5.759929788510945947e+00
-6.158250478544216477e+00
-6.502237107195630195e+00
-6.754613385748320376e+00
-6.888030428399658511e+00
-6.888030428399658511e+00
-6.754613385748320376e+00
-6.502237107195631083e+00
-6.158250478544217366e+00
-5.759929788510945947e+00
-5.350439264443235032e+00
-4.974153558523967789e+00
-4.671849065663802314e+00
-4.476285168401648917e+00
-4.408654249492380828e+00
-4.408654249492380828e+00
-4.476285168401648029e+00
-4.671849065663801426e+00
-4.974153558523966900e+00
-5.350439264443235032e+00
-5.759929788510945947e+00
-6.158250478544216477e+00
-6.502237107195630195e+00
-6.754613385748320376e+00
-6.888030428399658511e+00
-6.888030428399658511e+00
-6.754613385748320376e+00
-6.502237107195631083e+00
-6.158250478544217366e+00
-5.759929788510945947e+00
-5.350439264443235032e+00
-4.974153558523967789e+00
-4.671849065663802314e+00
-4.476285168401648917e+00
-4.408654249492380828e+00
-4.408654249492380828e+00
-4.476285168401648029e+00
-4.671849065663801426e+00
-4.974153558523966900e+00
-5.350439264443235032e+00
-5.759929788510945947e+00
-6.158250478544216477e+00
-6.502237107195630195e+00
-6.754613385748320376e+00
-6.888030428399658511e+00
-6.888030428399658511e+00
-6.754613385748320376e+00
-6.502237107195631083e+00
-6.158250478544217366e+00
-5.759929788510945947e+00
-5.350439264443235032e+00
-4.974153558523967789e+00
-4.671849065663802314e+00
-4.476285168401648917e+00
-4.408654249492380828e+00
-4.408654249492380828e+00
-4.476285168401648029e+00
-4.671849065663801426e+00
-4.974153558523966900e+00
-5.350439264443235032e+00
-5.759929788510945947e+00
-6.158250478544216477e+00
-6.502237107195630195e+00
-6.754613385748320376e+00
-6.888030428399658511e+00
-6.888030428399658511e+00
-6.754613385748320376e+00
-6.502237107195631083e+00
-6.158250478544217366e+00
-5.759929788510945947e+00
-5.350439264443235032e+00
-4.974153558523967789e+00
-4.671849065663802314e+00
-4.476285168401648917e+00
-4.408654249492380828e+00
-4.408654249492380828e+00
-4.476285168401648029e+00
-4.671849065663801426e+00
-4.974153558523966900e+00
-5.350439264443235032e+00
-5.759929788510945947e+00
-6.158250478544216477e+00
-6.502237107195630195e+00
-6.754613385748320376e+00
-6.888030428399658511e+00
-6.888030428399658511e+00
-6.754613385748320376e+00
-6.502237107195631083e+00
-6.158250478544217366e+00
-5.759929788510945947e+00
-5.350439264443235032e+00
-4.974153558523967789e+00
-4.671849065663802314e+00
-4.476285168401648917e+00
-4.408654249492380828e+00
-6.905054249492381224e+00
-6.905054249492381224e+00
-6.905054249492381224e+00
-6.905054249492381224e+00
-6.905054249492381224e+00
-6.905054249492381224e+00
-6.905054249492381224e+00
-6.905054249492381224e+00
-6.905054249492381224e+00
-6.905054249492381224e+00
-7.326106881071329013e+00
-7.326106881071329013e+00
-7.326106881071329013e+00
-7.326106881071329013e+00
-7.326106881071329013e+00
-7.326106881071328125e+00
-7.326106881071328125e+00
-7.326106881071328125e+00
-7.326106881071328125e+00
-7.326106881071328125e+00
-7.747159512650275914e+00
-7.747159512650275914e+00
-7.747159512650275914e+00
-7.747159512650275914e+00
-7.747159512650275914e+00
-7.747159512650275914e+00
-7.747159512650275914e+00
-7.747159512650275914e+00
-7.747159512650275914e+00
-7.747159512650275914e+00
-8.168212144229222815e+00
-8.168212144229222815e+00
-8.168212144229222815e+00
-8.168212144229222815e+00
-8.168212144229222815e+00
-8.168212144229222815e+00
-8.168212144229222815e+00
-8.168212144229222815e+00
-8.168212144229222815e+00
-8.168212144229222815e+00
-8.589264775808169716e+00
-8.589264775808169716e+00
-8.589264775808169716e+00
-8.589264775808169716e+00
-8.589264775808169716e+00
-8.589264775808169716e+00
-8.589264775808169716e+00
-8.589264775808169716e+00
-8.589264775808169716e+00
-8.589264775808169716e+00
-9.010317407387118394e+00
-9.010317407387118394e+00
-9.010317407387118394e+00
-9.010317407387118394e+00
-9.010317407387118394e+00
-9.010317407387116617e+00
-9.010317407387116617e+00
-9.010317407387116617e+00
-9.010317407387116617e+00
-9.010317407387116617e+00
-9.431370038966065295e+00
-9.431370038966065295e+00
-9.431370038966065295e+00
-9.431370038966065295e+00
-9.431370038966065295e+00
-9.431370038966065295e+00
-9.431370038966065295e+00
-9.431370038966065295e+00
-9.431370038966065295e+00
-9.431370038966065295e+00
-9.852422670545012195e+00
-9.852422670545012195e+00
-9.852422670545012195e+00
-9.852422670545012195e+00
-9.852422670545012195e+00
-9.852422670545012195e+00
-9.852422670545012195e+00
-9.852422670545012195e+00
-9.852422670545012195e+00
-9.852422670545012195e+00
-1.027347530212395910e+01
-1.027347530212395910e+01
-1.027347530212395910e+01
-1.027347530212395910e+01
-1.027347530212395910e+01
-1.027347530212395910e+01
-1.027347530212395910e+01
-1.027347530212395910e+01
-1.027347530212395910e+01
-1.027347530212395910e+01
-1.069452793370290777e+01
-1.069452793370290777e+01
-1.069452793370290777e+01
-1.069452793370290777e+01
-1.069452793370290777e+01
-1.069452793370290777e+01
-1.069452793370290777e+01
-1.069452793370290600e+01
-1.069452793370290600e+01
-1.069452793370290600e+01
-1.111558056528185290e+01
-1.111558056528185290e+01
-1.111558056528185290e+01
-1.111558056528185290e+01
-1.111558056528185290e+01
-1.111558056528185467e+01
-1.111558056528185467e+01
-1.111558056528185467e+01
-1.111558056528185467e+01
-1.111558056528185467e+01
-1.153663319686080158e+01
-1.153663319686080158e+01
-1.153663319686080158e+01
-1.153663319686080158e+01
-1.153663319686080158e+01
-1.153663319686080158e+01
-1.153663319686080158e+01
-1.153663319686080158e+01
-1.153663319686080158e+01
-1.153663319686080158e+01
-1.195768582843974848e+01
-1.195768582843974848e+01
-1.195768582843974848e+01
-1.195768582843974848e+01
-1.195768582843974848e+01
-1.195768582843974848e+01
-1.195768582843975025e+01
-1.195768582843975025e+01
-1.195768582843975025e+01
-1.195768582843975025e+01
-1.237873846001869538e+01
-1.237873846001869538e+01
-1.237873846001869538e+01
-1.237873846001869538e+01
-1.237873846001869538e+01
-1.237873846001869538e+01
-1.237873846001869538e+01
-1.237873846001869538e+01
-1.237873846001869538e+01
-1.237873846001869538e+01
-1.279979109159764405e+01
-1.279979109159764405e+01
-1.279979109159764405e+01
-1.279979109159764405e+01
-1.279979109159764405e+01
-1.279979109159764405e+01
-1.279979109159764405e+01
-1.279979109159764405e+01
-1.279979109159764405e+01
-1.279979109159764405e+01
-1.322084372317659273e+01
-1.322084372317659273e+01
-1.322084372317659096e+01
-1.322084372317659096e+01
-1.322084372317659096e+01
-1.322084372317659096e+01
-1.322084372317659096e+01
-1.322084372317659096e+01
-1.322084372317659096e+01
-1.322084372317659096e+01
-1.364189635475553786e+01
-1.364189635475553786e+01
-1.364189635475553786e+01
-1.364189635475553786e+01
-1.364189635475553786e+01
-1.364189635475553786e+01
-1.364189635475553786e+01
-1.364189635475553786e+01
-1.364189635475553786e+01
-1.364189635475553786e+01
-1.406294898633448476e+01
-1.406294898633448476e+01
-1.406294898633448476e+01
-1.406294898633448476e+01
-1.406294898633448476e+01
-1.406294898633448476e+01
-1.406294898633448476e+01
-1.406294898633448476e+01
-1.406294898633448476e+01
-1.406294898633448476e+01
-1.448400161791343166e+01
-1.448400161791343166e+01
-1.448400161791343166e+01
-1.448400161791343166e+01
-1.448400161791343166e+01
-1.448400161791343166e+01
-1.448400161791343166e+01
-1.448400161791343166e+01
-1.448400161791343166e+01
-1.448400161791343166e+01
-1.490505424949238034e+01
-1.490505424949238034e+01
-1.490505424949238034e+01
-1.490505424949238034e+01
-1.490505424949238034e+01
-1.490505424949238034e+01
-1.490505424949238034e+01
-1.490505424949238034e+01
-1.490505424949238034e+01
-1.490505424949238034e+01
-4.262329368334643043e+00
-4.300108970623753635e+00
-4.409353771372130915e+00
-4.578225401310951348e+00
-4.788423999023025956e+00
-5.017171284878955362e+00
-5.239678941076406637e+00
-5.431834810504367894e+00
-5.572815823104801503e+00
-5.647344498616647890e+00
-5.349615327590733216e+00
-5.275086652078886829e+00
-5.134105639478453220e+00
-4.941949770050491964e+00
-4.719442113853041576e+00
-4.490694827997111283e+00
-4.280496230285036674e+00
-4.111624600346216241e+00
-4.002379799597838961e+00
-3.964600197308728369e+00
-3.666871026282813695e+00
-3.704650628571924287e+00
-3.813895429320301567e+00
-3.982767059259122000e+00
-4.192965656971195720e+00
-4.421712942827126014e+00
-4.644220599024576401e+00
-4.836376468452538546e+00
-4.977357481052971266e+00
-5.051886156564818542e+00
-4.754156985538903868e+00
-4.679628310027056592e+00
-4.538647297426623872e+00
-4.346491427998662616e+00
-4.123983771801211340e+00
-3.895236485945281935e+00
-3.685037888233207326e+00
-3.516166258294386004e+00
-3.406921457546009613e+00
-3.369141855256899021e+00
-3.071412684230984347e+00
-3.109192286520094051e+00
-3.218437087268471331e+00
-3.387308717207292652e+00
-3.597507314919366372e+00
-3.826254600775296666e+00
-4.048762256972747053e+00
-4.240918126400708310e+00
-4.381899139001141918e+00
-4.456427814512989194e+00
-4.158698643487074520e+00
-4.084169967975227244e+00
-3.943188955374794524e+00
-3.751033085946832379e+00
-3.528525429749381992e+00
-3.299778143893451698e+00
-3.089579546181377978e+00
-2.920707916242556657e+00
-2.811463115494179377e+00
-2.773683513205068785e+00
-2.475954342179154111e+00
-2.513733944468264703e+00
-2.622978745216641983e+00
-2.791850375155462416e+00
-3.002048972867537024e+00
-3.230796258723467318e+00
-3.453303914920917705e+00
-3.645459784348878962e+00
-3.786440796949312571e+00
-3.860969472461159846e+00
-3.563240301435244284e+00
-3.488711625923397897e+00
-3.347730613322965176e+00
-3.155574743895003031e+00
-2.933067087697552644e+00
-2.704319801841622350e+00
-2.494121204129548630e+00
-2.325249574190727309e+00
-2.216004773442350029e+00
-2.178225171153239437e+00
-1.880496000127324985e+00
-1.918275602416435133e+00
-2.027520403164812635e+00
-2.196392033103633068e+00
-2.406590630815707677e+00
-2.635337916671637970e+00
-2.857845572869088357e+00
-3.050001442297049614e+00
-3.190982454897483223e+00
-3.265511130409329610e+00
-2.967781959383414936e+00
-2.893253283871568549e+00
-2.752272271271134940e+00
-2.560116401843173684e+00
-2.337608745645723296e+00
-2.108861459789793003e+00
-1.898662862077718616e+00
-1.729791232138897739e+00
-1.620546431390520459e+00
-1.582766829101409867e+00
-1.285037658075495193e+00
-1.322817260364605785e+00
-1.432062061112983065e+00
-1.600933691051803498e+00
-1.811132288763878107e+00
-2.039879574619807734e+00
-2.262387230817258121e+00
-2.454543100245220266e+00
-2.595524112845653875e+00
-2.670052788357500262e+00
-2.372323617331585588e+00
-2.297794941819738312e+00
-2.156813929219305592e+00
-1.964658059791343669e+00
-1.742150403593893282e+00
-1.513403117737962988e+00
-1.303204520025888824e+00
-1.134332890087067947e+00
-1.025088089338690667e+00
-9.873084870495800747e-01
-6.895793160236658448e-01
-7.273589183127764368e-01
-8.366037190611537167e-01
-1.005475348999974150e+00
-1.215673946712048314e+00
-1.444421232567978608e+00
-1.666928888765428995e+00
-1.859084758193390696e+00
-2.000065770793823638e+00
-2.074594446305670914e+00
-1.776865275279756462e+00
-1.702336599767909631e+00
-1.561355587167476466e+00
-1.369199717739514766e+00
-1.146692061542064378e+00
-9.179447756861340846e-01
-7.077461779740603642e-01
-5.388745480352390427e-01
-4.296297472868617628e-01
-3.918501449977511708e-01
-9.412097397183649683e-02
-1.319005762609470889e-01
-2.411453770093234805e-01
-4.100170069481448021e-01
-6.202156046602185224e-01
-8.489628905161488159e-01
-1.071470546713599648e+00
-1.263626416141560904e+00
-1.404607428741994513e+00
-1.479136104253841344e+00
-1.181406933227926226e+00
-1.106878257716079395e+00
-9.658972451156462302e-01
-7.737413756876845294e-01
-5.512337194902341420e-01
-3.224864336343038485e-01
-1.122878359222301281e-01
5.658379401659119345e-02
1.658285947649684733e-01
2.036081970540790653e-01
5.013373680799928511e-01
4.635577657908831473e-01
3.543129650425058674e-01
1.854413351036845459e-01
-2.475726260838917447e-02
-2.535045484643194680e-01
-4.760122046617698555e-01
-6.681680740897311122e-01
-8.091490866901647205e-01
-8.836777622020119960e-01
-5.859485911760973220e-01
-5.114199156642509347e-01
-3.704389030638173264e-01
-1.782830336358560697e-01
4.422462256159431782e-02
2.729719084175246113e-01
4.831705061295992198e-01
6.520421360684196532e-01
7.612869368167969331e-01
7.990665391059075251e-01
1.096795710131823087e+00
1.059016107842712495e+00
9.497713070943352154e-01
7.808996771555138938e-01
5.707010794434401735e-01
3.419537935875098800e-01
1.194461373900594925e-01
-7.270973203790176420e-02
-2.136907446383353726e-01
-2.882194201501826480e-01
9.509750875732914110e-03
8.403842638757930139e-02
2.250194389880129098e-01
4.171753084159741665e-01
6.396829646134245539e-01
8.684302504693548475e-01
1.078628848181429456e+00
1.247500478120249889e+00
1.356745278868627169e+00
1.394524881157737761e+00
-5.656854249492380582e+00
-5.694633851781491174e+00
-5.803878652529868454e+00
-5.972750282468688887e+00
-6.182948880180763496e+00
-6.411696166036692901e+00
-6.634203822234144177e+00
-6.826359691662105433e+00
-6.967340704262539042e+00
-7.041869379774385429e+00
-7.339598550800300103e+00
-7.265069875288453716e+00
-7.124088862688020107e+00
-6.931932993260058851e+00
-6.709425337062608463e+00
-6.480678051206678170e+00
-6.270479453494603561e+00
-6.101607823555783128e+00
-5.992363022807405848e+00
-5.954583420518295256e+00
-6.252312591544209930e+00
-6.290092193833320522e+00
-6.399336994581697802e+00
-6.568208624520518235e+00
-6.778407222232592844e+00
-7.007154508088523137e+00
-7.229662164285973525e+00
-7.421818033713934781e+00
-7.562799046314368390e+00
-7.637327721826214777e+00
-7.935056892852130339e+00
-7.860528217340283064e+00
-7.719547204739849455e+00
-7.527391335311888199e+00
-7.304883679114437811e+00
-7.076136393258507518e+00
-6.865937795546433797e+00
-6.697066165607612476e+00
-6.587821364859235196e+00
-6.550041762570124604e+00
-6.847770933596039278e+00
-6.885550535885149870e+00
-6.994795336633527150e+00
-7.163666966572347583e+00
-7.373865564284422192e+00
-7.602612850140352485e+00
-7.825120506337802873e+00
-8.017276375765764129e+00
-8.158257388366198626e+00
-8.232786063878045013e+00
-8.530515234903960575e+00
-8.455986559392112412e+00
-8.315005546791679691e+00
-8.122849677363719323e+00
-7.900342021166267159e+00
-7.671594735310336866e+00
-7.461396137598263145e+00
-7.292524507659441824e+00
-7.183279706911064544e+00
-7.145500104621953952e+00
-7.443229275647868626e+00
-7.481008877936980106e+00
-7.590253678685356498e+00
-7.759125308624176931e+00
-7.969323906336251540e+00
-8.198071192192182721e+00
-8.420578848389633109e+00
-8.612734717817595254e+00
-8.753715730418027974e+00
-8.828244405929874361e+00
-9.125973576955789923e+00
-9.051444901443941760e+00
-8.910463888843510816e+00
-8.718308019415548671e+00
-8.495800363218098283e+00
-8.267053077362167102e+00
-8.056854479650093381e+00
-7.887982849711272060e+00
-7.778738048962893892e+00
-7.740958446673784188e+00
-8.038687617699698862e+00
-8.076467219988810342e+00
-8.185712020737186734e+00
-8.354583650676007167e+00
-8.564782248388082664e+00
-8.793529534244012069e+00
-9.016037190441462457e+00
-9.208193059869424602e+00
-9.349174072469857322e+00
-9.423702747981705485e+00
-9.721431919007619271e+00
-9.646903243495772884e+00
-9.505922230895338387e+00
-9.313766361467378019e+00
-9.091258705269927631e+00
-8.862511419413996450e+00
-8.652312821701922729e+00
-8.483441191763102296e+00
-8.374196391014724128e+00
-8.336416788725614424e+00
-8.634145959751528210e+00
-8.671925562040639690e+00
-8.781170362789016082e+00
-8.950041992727838291e+00
-9.160240590439912012e+00
-9.388987876295841417e+00
-9.611495532493291805e+00
-9.803651401921253949e+00
-9.944632414521686670e+00
-1.001916109003353306e+01
-1.031689026105944862e+01
-1.024236158554760223e+01
-1.010138057294716951e+01
-9.909224703519207367e+00
-9.686717047321756979e+00
-9.457969761465827574e+00
-9.247771163753752077e+00
-9.078899533814931644e+00
-8.969654733066555252e+00
-8.931875130777443772e+00
-9.229604301803357558e+00
-9.267383904092469038e+00
-9.376628704840845430e+00
-9.545500334779665863e+00
-9.755698932491741360e+00
-9.984446218347670765e+00
-1.020695387454512115e+01
-1.039910974397308330e+01
-1.054009075657351779e+01
-1.061461943208536418e+01
-1.091234860311127797e+01
-1.083781992759943158e+01
-1.069683891499899708e+01
-1.050468304557103671e+01
-1.028217538937358633e+01
-1.005342810351765515e+01
-9.843229505805581425e+00
-9.674357875866760992e+00
-9.565113075118384600e+00
-9.527333472829273120e+00
-9.825062643855188682e+00
-9.862842246144298386e+00
-9.972087046892676554e+00
-1.014095867683149699e+01
-1.035115727454357071e+01
-1.057990456039950011e+01
-1.080241221659695050e+01
-1.099456808602491265e+01
-1.113554909862534537e+01
-1.121007777413719175e+01
-1.150780694516310909e+01
-1.143327826965126093e+01
-1.129229725705082821e+01
-1.110014138762286784e+01
-1.087763373142541568e+01
-1.064888644556948627e+01
-1.043868784785741077e+01
-1.026981621791859034e+01
-1.016057141717021395e+01
-1.012279181488110247e+01
-1.042052098590701625e+01
-1.045830058819612773e+01
-1.056754538894450413e+01
-1.073641701888332456e+01
-1.094661561659540006e+01
-1.117536290245133124e+01
-1.139787055864878162e+01
-1.159002642807674199e+01
-1.173100744067717649e+01
-1.180553611618902288e+01
-1.210326528721493666e+01
-1.202873661170309028e+01
-1.188775559910265578e+01
-1.169559972967469541e+01
-1.147309207347724502e+01
-1.124434478762131384e+01
-1.103414618990924012e+01
-1.086527455997041969e+01
-1.075602975922204330e+01
-1.071825015693293182e+01
-1.101597932795884738e+01
-1.105375893024795708e+01
-1.116300373099633525e+01
-1.133187536093515568e+01
-1.154207395864722940e+01
-1.177082124450315881e+01
-1.199332890070060920e+01
-1.218548477012857134e+01
-1.232646578272900406e+01
-1.240099445824085223e+01
-1.269872362926676779e+01
-1.262419495375492140e+01
-1.248321394115448690e+01
-1.229105807172652653e+01
-1.206855041552907615e+01
-1.183980312967314497e+01
-1.162960453196106947e+01
-1.146073290202224904e+01
-1.135148810127387264e+01
-1.131370849898476116e+01
-1.365685424949238325e+01
-1.369463385178149295e+01
-1.380387865252987112e+01
-1.397275028246869155e+01
-1.418294888018076705e+01
-1.441169616603669468e+01
-1.463420382223414506e+01
-1.482635969166210899e+01
-1.496734070426253993e+01
-1.504186937977438987e+01
-1.533959855080030366e+01
-1.526506987528845727e+01
-1.512408886268802277e+01
-1.493193299326006240e+01
-1.470942533706261202e+01
-1.448067805120668083e+01
-1.427047945349460534e+01
-1.410160782355578490e+01
-1.399236302280740674e+01
-1.395458342051829703e+01
-1.425231259154421082e+01
-1.429009219383332407e+01
-1.439933699458169869e+01
-1.456820862452051912e+01
-1.477840722223259462e+01
-1.500715450808852580e+01
-1.522966216428597619e+01
-1.542181803371393656e+01
-1.556279904631437105e+01
-1.563732772182621744e+01
-1.593505689285213123e+01
-1.586052821734028484e+01
-1.571954720473985390e+01
-1.552739133531188997e+01
-1.530488367911443959e+01
-1.507613639325850841e+01
-1.486593779554643646e+01
-1.469706616560761603e+01
-1.458782136485923786e+01
-1.455004176257012816e+01
-1.484777093359604194e+01
-1.488555053588515165e+01
-1.499479533663352981e+01
-1.516366696657235025e+01
-1.537386556428442574e+01
-1.560261285014035337e+01
-1.582512050633780376e+01
-1.601727637576576768e+01
-1.615825738836619863e+01
-1.623278606387804857e+01
-1.653051523490396235e+01
-1.645598655939211596e+01
-1.631500554679168147e+01
-1.612284967736372110e+01
-1.590034202116627071e+01
-1.567159473531033953e+01
-1.546139613759826403e+01
-1.529252450765944360e+01
-1.518327970691106543e+01
-1.514550010462195573e+01
-1.544322927564786951e+01
-1.548100887793698277e+01
-1.559025367868535739e+01
-1.575912530862417782e+01
-1.596932390633625332e+01
-1.619807119219218450e+01
-1.642057884838963489e+01
-1.661273471781759525e+01
-1.675371573041802975e+01
-1.682824440592987614e+01
-1.712597357695578992e+01
-1.705144490144394354e+01
-1.691046388884350904e+01
-1.671830801941554867e+01
-1.649580036321809828e+01
-1.626705307736216710e+01
-1.605685447965009516e+01
-1.588798284971127472e+01
-1.577873804896289656e+01
-1.574095844667378685e+01
-1.603868761769970064e+01
-1.607646721998881034e+01
-1.618571202073718851e+01
-1.635458365067600894e+01
-1.656478224838808444e+01
-1.679352953424401207e+01
-1.701603719044146246e+01
-1.720819305986942283e+01
-1.734917407246985732e+01
-1.742370274798170371e+01
-1.772143191900762105e+01
-1.764690324349577111e+01
-1.750592223089534016e+01
-1.731376636146737980e+01
-1.709125870526992585e+01
-1.686251141941399823e+01
-1.665231282170192273e+01
-1.648344119176310230e+01
-1.637419639101472413e+01
-1.633641678872561442e+01
-1.663414595975152821e+01
-1.667192556204064147e+01
-1.678117036278901608e+01
-1.695004199272783652e+01
-1.716024059043991201e+01
-1.738898787629584319e+01
-1.761149553249329358e+01
-1.780365140192125395e+01
-1.794463241452168845e+01
-1.801916109003353483e+01
-1.831689026105944862e+01
-1.824236158554760223e+01
-1.810138057294716774e+01
-1.790922470351920737e+01
-1.768671704732175698e+01
-1.745796976146582580e+01
-1.724777116375375385e+01
-1.707889953381493342e+01
-1.696965473306655525e+01
-1.693187513077744200e+01
-1.722960430180335933e+01
-1.726738390409246904e+01
-1.737662870484084721e+01
-1.754550033477966764e+01
-1.775569893249173958e+01
-1.798444621834767077e+01
-1.820695387454512115e+01
-1.839910974397308507e+01
-1.854009075657351602e+01
-1.861461943208536240e+01
-1.891234860311127619e+01
-1.883781992759942980e+01
-1.869683891499899886e+01
-1.850468304557103494e+01
-1.828217538937358455e+01
-1.805342810351765692e+01
-1.784322950580558143e+01
-1.767435787586676099e+01
-1.756511307511838282e+01
-1.752733347282927312e+01
-1.782506264385518691e+01
-1.786284224614429661e+01
-1.797208704689267478e+01
-1.814095867683149521e+01
-1.835115727454357071e+01
-1.857990456039949834e+01
-1.880241221659694872e+01
-1.899456808602491265e+01
-1.913554909862534714e+01
-1.921007777413719353e+01
-1.950780694516310732e+01
-1.943327826965126093e+01
-1.929229725705082643e+01
-1.910014138762286606e+01
-1.887763373142541568e+01
-1.864888644556948449e+01
-1.843868784785740900e+01
-1.826981621791858856e+01
-1.816057141717021395e+01
-1.812279181488110424e+01
-1.842052098590701803e+01
-1.845830058819612773e+01
-1.856754538894450235e+01
-1.873641701888332634e+01
-1.894661561659539828e+01
-1.917536290245132946e+01
-1.939787055864877985e+01
-1.959002642807674022e+01
-1.973100744067717471e+01
-1.980553611618902110e+01
-2.010326528721493844e+01
-2.002873661170308850e+01
-1.988775559910265756e+01
-1.969559972967469363e+01
-1.947309207347724325e+01
-1.924434478762131562e+01
-1.903414618990924012e+01
-1.886527455997041969e+01
-1.875602975922204152e+01
-1.871825015693293182e+01
-1.901597932795884560e+01
-1.905375893024795531e+01
-1.916300373099633347e+01
-1.933187536093515391e+01
-1.954207395864722940e+01
-1.977082124450316059e+01
-1.999332890070061097e+01
-2.018548477012857134e+01
-2.032646578272900229e+01
-2.040099445824085223e+01
-2.069872362926676601e+01
-2.062419495375491962e+01
-2.048321394115448513e+01
-2.029105807172652476e+01
-2.006855041552907437e+01
-1.983980312967314319e+01
-1.962960453196107125e+01
-1.946073290202225081e+01
-1.935148810127387264e+01
-1.931370849898475939e+01
-1.505137913065012079e+01
-1.501359952836101108e+01
-1.490435472761263469e+01
-1.473548309767381248e+01
-1.452528449996173876e+01
-1.429653721410580935e+01
-1.407402955790835897e+01
-1.388187368848039682e+01
-1.374089267587996410e+01
-1.366636400036811771e+01
-1.396409317139403150e+01
-1.403862184690587789e+01
-1.417960285950631238e+01
-1.437175872893427275e+01
-1.459426638513172314e+01
-1.482301367098765432e+01
-1.503321226869972804e+01
-1.520208389863854848e+01
-1.531132869938692487e+01
-1.534910830167603635e+01
-1.564683747270195191e+01
-1.560905787041284043e+01
-1.549981306966446404e+01
-1.533094143972564360e+01
-1.512074284201356811e+01
-1.489199555615763870e+01
-1.466948789996018832e+01
-1.447733203053222617e+01
-1.433635101793179345e+01
-1.426182234241994706e+01
-1.455955151344586085e+01
-1.463408018895770901e+01
-1.477506120155814173e+01
-1.496721707098610210e+01
-1.518972472718355249e+01
-1.541847201303948367e+01
-1.562867061075155739e+01
-1.579754224069037782e+01
-1.590678704143875599e+01
-1.594456664372786570e+01
-1.624229581475378126e+01
-1.620451621246466800e+01
-1.609527141171629339e+01
-1.592639978177747295e+01
-1.571620118406539746e+01
-1.548745389820946805e+01
-1.526494624201201766e+01
-1.507279037258405552e+01
-1.493180935998362280e+01
-1.485728068447177641e+01
-1.515500985549769020e+01
-1.522953853100953836e+01
-1.537051954360997108e+01
-1.556267541303793145e+01
-1.578518306923538184e+01
-1.601393035509131124e+01
-1.622412895280338674e+01
-1.639300058274220717e+01
-1.650224538349058534e+01
-1.654002498577969504e+01
-1.683775415680560883e+01
-1.679997455451649913e+01
-1.669072975376812096e+01
-1.652185812382930052e+01
-1.631165952611722858e+01
-1.608291224026129740e+01
-1.586040458406384701e+01
-1.566824871463588664e+01
-1.552726770203545215e+01
-1.545273902652360576e+01
-1.575046819754952132e+01
-1.582499687306136771e+01
-1.596597788566180043e+01
-1.615813375508976080e+01
-1.638064141128721118e+01
-1.660938869714314237e+01
-1.681958729485521431e+01
-1.698845892479403474e+01
-1.709770372554241291e+01
-1.713548332783152262e+01
-1.743321249885743640e+01
-1.739543289656832670e+01
-1.728618809581995208e+01
-1.711731646588113165e+01
-1.690711786816905615e+01
-1.667837058231312497e+01
-1.645586292611567458e+01
-1.626370705668771421e+01
-1.612272604408727972e+01
-1.604819736857543333e+01
-1.634592653960135067e+01
-1.642045521511319706e+01
-1.656143622771362800e+01
-1.675359209714158837e+01
-1.697609975333903876e+01
-1.720484703919496994e+01
-1.741504563690704543e+01
-1.758391726684586587e+01
-1.769316206759424404e+01
-1.773094166988335374e+01
-1.802867084090926753e+01
-1.799089123862015782e+01
-1.788164643787177965e+01
-1.771277480793295922e+01
-1.750257621022088372e+01
-1.727382892436495609e+01
-1.705132126816750571e+01
-1.685916539873954179e+01
-1.671818438613911084e+01
-1.664365571062726445e+01
-1.694138488165317824e+01
-1.701591355716502463e+01
-1.715689456976545912e+01
-1.734905043919341949e+01
-1.757155809539086988e+01
-1.780030538124680106e+01
-1.801050397895887301e+01
-1.817937560889769344e+01
-1.828862040964607161e+01
-1.832640001193518131e+01
-1.862412918296109865e+01
-1.858634958067198539e+01
-1.847710477992361078e+01
-1.830823314998479034e+01
-1.809803455227271485e+01
-1.786928726641678367e+01
-1.764677961021933328e+01
-1.745462374079137291e+01
-1.731364272819093841e+01
-1.723911405267909203e+01
-1.753684322370500581e+01
-1.761137189921685575e+01
-1.775235291181728670e+01
-1.794450878124524706e+01
-1.816701643744269745e+01
-1.839576372329862863e+01
-1.860596232101070413e+01
-1.877483395094952456e+01
-1.888407875169789918e+01
-1.892185835398701244e+01
-1.921958752501292622e+01
-1.918180792272381652e+01
-1.907256312197543835e+01
-1.890369149203661792e+01
-1.869349289432454242e+01
-1.846474560846861479e+01
-1.824223795227116440e+01
-1.805008208284320403e+01
-1.790910107024276954e+01
-1.783457239473092315e+01
-1.813230156575683694e+01
-1.820683024126868332e+01
-1.834781125386911782e+01
-1.853996712329707819e+01
-1.876247477949452858e+01
-1.899122206535045976e+01
-1.920142066306253525e+01
-1.937029229300135569e+01
-1.947953709374973030e+01
-1.951731669603884001e+01
-1.981504586706475735e+01
-1.977726626477564764e+01
-1.966802146402726947e+01
-1.949914983408844904e+01
-1.928895123637637354e+01
-1.906020395052044591e+01
-1.883769629432299553e+01
-1.864554042489503161e+01
-1.850455941229459711e+01
-1.843003073678275072e+01
-1.872775990780866806e+01
-1.880228858332051445e+01
-1.894326959592094539e+01
-1.913542546534890931e+01
-1.935793312154635970e+01
-1.958668040740228733e+01
-1.979687900511436283e+01
-1.996575063505318326e+01
-2.007499543580156143e+01
-2.011277503809067113e+01
-2.041050420911658492e+01
-2.037272460682747521e+01
-2.026347980607909705e+01
-2.009460817614027661e+01
-1.988440957842820467e+01
-1.965566229257227349e+01
-1.943315463637482310e+01
-1.924099876694686273e+01
-1.910001775434642823e+01
-1.902548907883458185e+01
-1.932321824986049563e+01
-1.939774692537234557e+01
-1.953872793797277652e+01
-1.973088380740073688e+01
-1.995339146359818727e+01
-2.018213874945411845e+01
-2.039233734716619040e+01
-2.056120897710501438e+01
-2.067045377785338900e+01
-2.070823338014250226e+01
