1.600000000000000000e+01
1.440000000000000036e+01
1.280000000000000071e+01
1.120000000000000107e+01
9.600000000000001421e+00
8.000000000000001776e+00
6.400000000000002132e+00
4.800000000000002487e+00
3.200000000000002398e+00
1.600000000000002309e+00
2.220446049250313081e-15
0.000000000000000000e+00
0.000000000000000000e+00
0.000000000000000000e+00
0.000000000000000000e+00
0.000000000000000000e+00
0.000000000000000000e+00
0.000000000000000000e+00
0.000000000000000000e+00
0.000000000000000000e+00
0.000000000000000000e+00
8.421052631578946901e-01
8.421052631578946901e-01
8.421052631578946901e-01
8.421052631578946901e-01
8.421052631578946901e-01
8.421052631578946901e-01
8.421052631578946901e-01
8.421052631578946901e-01
8.421052631578946901e-01
8.421052631578946901e-01
1.684210526315789380e+00
1.684210526315789380e+00
1.684210526315789380e+00
1.684210526315789380e+00
1.684210526315789380e+00
1.684210526315789380e+00
1.684210526315789380e+00
1.684210526315789380e+00
1.684210526315789380e+00
1.684210526315789380e+00
2.526315789473684070e+00
2.526315789473684070e+00
2.526315789473684070e+00
2.526315789473684070e+00
2.526315789473684070e+00
2.526315789473684070e+00
2.526315789473684070e+00
2.526315789473684070e+00
2.526315789473684070e+00
2.526315789473684070e+00
3.368421052631578760e+00
3.368421052631578760e+00
3.368421052631578760e+00
3.368421052631578760e+00
3.368421052631578760e+00
3.368421052631578760e+00
3.368421052631578760e+00
3.368421052631578760e+00
3.368421052631578760e+00
3.368421052631578760e+00
4.210526315789473450e+00
4.210526315789473450e+00
4.210526315789473450e+00
4.210526315789473450e+00
4.210526315789473450e+00
4.210526315789473450e+00
4.210526315789473450e+00
4.210526315789473450e+00
4.210526315789473450e+00
4.210526315789473450e+00
5.052631578947368141e+00
5.052631578947368141e+00
5.052631578947368141e+00
5.052631578947368141e+00
5.052631578947368141e+00
5.052631578947368141e+00
5.052631578947368141e+00
5.052631578947368141e+00
5.052631578947368141e+00
5.052631578947368141e+00
5.894736842105262831e+00
5.894736842105262831e+00
5.894736842105262831e+00
5.894736842105262831e+00
5.894736842105262831e+00
5.894736842105262831e+00
5.894736842105262831e+00
5.894736842105262831e+00
5.894736842105262831e+00
5.894736842105262831e+00
6.736842105263157521e+00
6.736842105263157521e+00
6.736842105263157521e+00
6.736842105263157521e+00
6.736842105263157521e+00
6.736842105263157521e+00
6.736842105263157521e+00
6.736842105263157521e+00
6.736842105263157521e+00
6.736842105263157521e+00
7.578947368421052211e+00
7.578947368421052211e+00
7.578947368421052211e+00
7.578947368421052211e+00
7.578947368421052211e+00
7.578947368421052211e+00
7.578947368421052211e+00
7.578947368421052211e+00
7.578947368421052211e+00
7.578947368421052211e+00
8.421052631578946901e+00
8.421052631578946901e+00
8.421052631578946901e+00
8.421052631578946901e+00
8.421052631578946901e+00
8.421052631578946901e+00
8.421052631578946901e+00
8.421052631578946901e+00
8.421052631578946901e+00
8.421052631578946901e+00
9.263157894736842479e+00
9.263157894736842479e+00
9.263157894736842479e+00
9.263157894736842479e+00
9.263157894736842479e+00
9.263157894736842479e+00
9.263157894736842479e+00
9.263157894736842479e+00
9.263157894736842479e+00
9.263157894736842479e+00
1.010526315789473628e+01
1.010526315789473628e+01
1.010526315789473628e+01
1.010526315789473628e+01
1.010526315789473628e+01
1.010526315789473628e+01
1.010526315789473628e+01
1.010526315789473628e+01
1.010526315789473628e+01
1.010526315789473628e+01
1.094736842105263008e+01
1.094736842105263008e+01
1.094736842105263008e+01
1.094736842105263008e+01
1.094736842105263008e+01
1.094736842105263008e+01
1.094736842105263008e+01
1.094736842105263008e+01
1.094736842105263008e+01
1.094736842105263008e+01
1.178947368421052566e+01
1.178947368421052566e+01
1.178947368421052566e+01
1.178947368421052566e+01
1.178947368421052566e+01
1.178947368421052566e+01
1.178947368421052566e+01
1.178947368421052566e+01
1.178947368421052566e+01
1.178947368421052566e+01
1.263157894736842124e+01
1.263157894736842124e+01
1.263157894736842124e+01
1.263157894736842124e+01
1.263157894736842124e+01
1.263157894736842124e+01
1.263157894736842124e+01
1.263157894736842124e+01
1.263157894736842124e+01
1.263157894736842124e+01
1.347368421052631504e+01
1.347368421052631504e+01
1.347368421052631504e+01
1.347368421052631504e+01
1.347368421052631504e+01
1.347368421052631504e+01
1.347368421052631504e+01
1.347368421052631504e+01
1.347368421052631504e+01
1.347368421052631504e+01
1.431578947368420884e+01
1.431578947368420884e+01
1.431578947368420884e+01
1.431578947368420884e+01
1.431578947368420884e+01
1.431578947368420884e+01
1.431578947368420884e+01
1.431578947368420884e+01
1.431578947368420884e+01
1.431578947368420884e+01
1.515789473684210442e+01
1.515789473684210442e+01
1.515789473684210442e+01
1.515789473684210442e+01
1.515789473684210442e+01
1.515789473684210442e+01
1.515789473684210442e+01
1.515789473684210442e+01
1.515789473684210442e+01
1.515789473684210442e+01
1.600000000000000000e+01
1.600000000000000000e+01
1.600000000000000000e+01
1.600000000000000000e+01
1.600000000000000000e+01
1.600000000000000000e+01
1.600000000000000000e+01
1.600000000000000000e+01
1.600000000000000000e+01
1.600000000000000000e+01
1.600000000000000000e+01
1.606053453339065840e+01
1.623557827757969463e+01
1.650616252680068641e+01
1.684296527910332131e+01
1.720948873024244818e+01
1.756601437708982871e+01
1.787390713374415085e+01
1.809980204257355751e+01
1.821921988508573165e+01
1.851694905611164543e+01
1.839753121359947130e+01
1.817163630477006464e+01
1.786374354811574605e+01
1.750721790126836552e+01
1.714069445012923509e+01
1.680389169782660375e+01
1.653330744860561197e+01
1.635826370441657573e+01
1.629772917102591379e+01
1.659545834205183112e+01
1.665599287544248952e+01
1.683103661963152575e+01
1.710162086885251753e+01
1.743842362115514888e+01
1.780494707229427931e+01
1.816147271914165984e+01
1.846936547579597843e+01
1.869526038462538864e+01
1.881467822713755922e+01
1.911240739816347656e+01
1.899298955565130242e+01
1.876709464682189576e+01
1.845920189016757362e+01
1.810267624332019309e+01
1.773615279218106622e+01
1.739935003987843132e+01
1.712876579065743954e+01
1.695372204646840331e+01
1.689318751307774491e+01
1.719091668410365870e+01
1.725145121749431709e+01
1.742649496168335332e+01
1.769707921090434510e+01
1.803388196320698000e+01
1.840040541434610688e+01
1.875693106119348741e+01
1.906482381784780955e+01
1.929071872667721621e+01
1.941013656918939034e+01
1.970786574021530413e+01
1.958844789770313355e+01
1.936255298887372334e+01
1.905466023221940475e+01
1.869813458537202422e+01
1.833161113423289379e+01
1.799480838193025889e+01
1.772422413270926711e+01
1.754918038852023443e+01
1.748864585512957248e+01
1.778637502615548982e+01
1.784690955954614822e+01
1.802195330373518445e+01
1.829253755295617623e+01
1.862934030525880758e+01
1.899586375639793800e+01
1.935238940324531853e+01
1.966028215989963712e+01
1.988617706872904733e+01
2.000559491124121791e+01
2.030332408226713525e+01
2.018390623975496112e+01
1.995801133092555446e+01
1.965011857427123232e+01
1.929359292742385179e+01
1.892706947628472491e+01
1.859026672398209001e+01
1.831968247476109823e+01
1.814463873057206200e+01
1.808410419718140361e+01
1.838183336820731739e+01
1.844236790159797579e+01
1.861741164578701202e+01
1.888799589500800380e+01
1.922479864731063870e+01
1.959132209844976558e+01
1.994784774529714610e+01
2.025574050195146825e+01
2.048163541078087491e+01
2.060105325329304904e+01
2.089878242431896282e+01
2.077936458180679224e+01
2.055346967297738558e+01
2.024557691632306344e+01
1.988905126947568291e+01
1.952252781833655604e+01
1.918572506603392114e+01
1.891514081681292936e+01
1.874009707262389313e+01
1.867956253923323118e+01
1.897729171025914852e+01
1.903782624364980691e+01
1.921286998783884314e+01
1.948345423705983492e+01
1.982025698936246982e+01
2.018678044050159670e+01
2.054330608734897723e+01
2.085119884400329937e+01
2.107709375283270603e+01
2.119651159534488016e+01
2.149424076637079395e+01
2.137482292385861982e+01
2.114892801502921316e+01
2.084103525837489457e+01
2.048450961152751404e+01
2.011798616038838361e+01
1.978118340808574871e+01
1.951059915886475693e+01
1.933555541467572070e+01
1.927502088128506230e+01
1.957275005231097609e+01
1.963328458570163804e+01
1.980832832989067072e+01
2.007891257911166250e+01
2.041571533141429740e+01
2.078223878255342782e+01
2.113876442940080835e+01
2.144665718605512694e+01
2.167255209488453715e+01
2.179196993739670773e+01
2.208969910842262152e+01
2.197028126591045094e+01
2.174438635708104073e+01
2.143649360042672214e+01
2.107996795357934161e+01
2.071344450244021118e+01
2.037664175013757983e+01
2.010605750091658805e+01
1.993101375672755182e+01
1.987047922333689343e+01
2.016820839436280721e+01
2.022874292775346561e+01
2.040378667194250184e+01
2.067437092116349362e+01
2.101117367346612852e+01
2.137769712460525540e+01
2.173422277145263593e+01
2.204211552810695807e+01
2.226801043693636473e+01
2.238742827944853531e+01
2.268515745047445265e+01
2.256573960796227851e+01
2.233984469913287185e+01
2.203195194247855326e+01
2.167542629563117274e+01
2.130890284449204231e+01
2.097210009218940741e+01
2.070151584296841563e+01
2.052647209877937939e+01
2.046593756538872100e+01
2.076366673641463478e+01
2.082420126980529673e+01
2.099924501399433296e+01
2.126982926321532119e+01
2.160663201551795609e+01
2.197315546665708652e+01
2.232968111350446705e+01
2.263757387015878564e+01
2.286346877898819230e+01
2.298288662150036643e+01
2.328061579252628377e+01
2.316119795001410964e+01
2.293530304118470298e+01
2.262741028453038084e+01
2.227088463768300031e+01
2.190436118654387343e+01
2.156755843424123853e+01
2.129697418502024675e+01
2.112193044083121052e+01
2.106139590744055212e+01
2.135912507846646591e+01
2.141965961185712430e+01
2.159470335604616054e+01
2.186528760526715232e+01
2.220209035756978722e+01
2.256861380870891409e+01
2.292513945555629817e+01
2.323303221221061676e+01
2.345892712104002342e+01
2.357834496355219756e+01
2.387607413457811134e+01
2.375665629206594076e+01
2.353076138323653055e+01
2.322286862658221196e+01
2.286634297973483143e+01
2.249981952859570100e+01
2.216301677629306965e+01
2.189243252707207432e+01
2.171738878288304164e+01
2.165685424949238325e+01
1.823445742854949003e+01
1.817392289515883164e+01
1.799887915096979540e+01
1.772829490174880362e+01
1.739149214944616872e+01
1.702496869830704185e+01
1.666844305145966132e+01
1.636055029480533918e+01
1.613465538597593252e+01
1.601523754346376194e+01
1.631296671448967572e+01
1.643238455700184630e+01
1.665827946583125652e+01
1.696617222248557511e+01
1.732269786933295563e+01
1.768922132047208251e+01
1.802602407277471741e+01
1.829660832199570919e+01
1.847165206618474542e+01
1.853218659957540382e+01
1.882991577060132116e+01
1.876938123721065921e+01
1.859433749302162653e+01
1.832375324380063475e+01
1.798695049149799985e+01
1.762042704035886942e+01
1.726390139351148889e+01
1.695600863685717030e+01
1.673011372802776364e+01
1.661069588551558951e+01
1.690842505654150330e+01
1.702784289905367743e+01
1.725373780788308409e+01
1.756163056453740268e+01
1.791815621138478676e+01
1.828467966252391363e+01
1.862148241482654853e+01
1.889206666404754031e+01
1.906711040823657655e+01
1.912764494162723494e+01
1.942537411265314873e+01
1.936483957926249033e+01
1.918979583507345410e+01
1.891921158585246232e+01
1.858240883354982742e+01
1.821588538241070054e+01
1.785935973556332002e+01
1.755146697890899787e+01
1.732557207007959121e+01
1.720615422756742063e+01
1.750388339859333442e+01
1.762330124110550500e+01
1.784919614993491166e+01
1.815708890658923380e+01
1.851361455343661433e+01
1.888013800457574476e+01
1.921694075687837611e+01
1.948752500609936789e+01
1.966256875028840412e+01
1.972310328367906607e+01
2.002083245470497985e+01
1.996029792131432146e+01
1.978525417712528522e+01
1.951466992790429344e+01
1.917786717560165854e+01
1.881134372446253167e+01
1.845481807761514759e+01
1.814692532096082900e+01
1.792103041213142234e+01
1.780161256961924821e+01
1.809934174064516199e+01
1.821875958315733612e+01
1.844465449198674278e+01
1.875254724864106493e+01
1.910907289548844545e+01
1.947559634662757233e+01
1.981239909893020723e+01
2.008298334815119901e+01
2.025802709234023524e+01
2.031856162573089364e+01
2.061629079675680742e+01
2.055575626336614903e+01
2.038071251917711280e+01
2.011012826995612102e+01
1.977332551765348967e+01
1.940680206651435924e+01
1.905027641966697871e+01
1.874238366301265657e+01
1.851648875418324991e+01
1.839707091167107933e+01
1.869480008269699312e+01
1.881421792520916370e+01
1.904011283403857391e+01
1.934800559069289250e+01
1.970453123754027303e+01
2.007105468867940345e+01
2.040785744098203836e+01
2.067844169020303013e+01
2.085348543439206281e+01
2.091401996778272476e+01
2.121174913880863855e+01
2.115121460541798015e+01
2.097617086122894392e+01
2.070558661200795214e+01
2.036878385970531724e+01
2.000226040856619036e+01
1.964573476171880984e+01
1.933784200506448769e+01
1.911194709623508103e+01
1.899252925372290690e+01
1.929025842474882424e+01
1.940967626726099482e+01
1.963557117609040148e+01
1.994346393274472362e+01
2.029998957959210415e+01
2.066651303073123103e+01
2.100331578303386593e+01
2.127390003225485771e+01
2.144894377644389394e+01
2.150947830983455233e+01
2.180720748086046967e+01
2.174667294746980772e+01
2.157162920328077149e+01
2.130104495405978327e+01
2.096424220175714837e+01
2.059771875061801794e+01
2.024119310377063741e+01
1.993330034711631882e+01
1.970740543828690861e+01
1.958798759577473803e+01
1.988571676680065181e+01
2.000513460931282594e+01
2.023102951814223260e+01
2.053892227479655119e+01
2.089544792164393172e+01
2.126197137278306215e+01
2.159877412508569705e+01
2.186935837430668528e+01
2.204440211849572506e+01
2.210493665188638346e+01
2.240266582291229724e+01
2.234213128952163885e+01
2.216708754533260262e+01
2.189650329611161084e+01
2.155970054380897594e+01
2.119317709266984906e+01
2.083665144582246853e+01
2.052875868916814639e+01
2.030286378033873973e+01
2.018344593782656560e+01
2.048117510885248294e+01
2.060059295136465352e+01
2.082648786019406018e+01
2.113438061684838232e+01
2.149090626369576285e+01
2.185742971483489328e+01
2.219423246713752462e+01
2.246481671635851640e+01
2.263986046054755263e+01
2.270039499393821103e+01
2.299812416496412482e+01
2.293758963157346642e+01
2.276254588738443374e+01
2.249196163816344196e+01
2.215515888586080706e+01
2.178863543472167663e+01
2.143210978787429610e+01
2.112421703121997751e+01
2.089832212239056730e+01
2.077890427987839672e+01
2.107663345090431051e+01
2.119605129341648464e+01
2.142194620224589130e+01
2.172983895890020989e+01
2.208636460574759042e+01
2.245288805688672085e+01
2.278969080918935575e+01
2.306027505841034753e+01
2.323531880259938021e+01
2.329585333599004215e+01
2.359358250701595594e+01
2.353304797362529754e+01
2.335800422943626131e+01
2.308741998021526953e+01
2.275061722791263463e+01
2.238409377677350776e+01
2.202756812992612723e+01
2.171967537327180509e+01
2.149378046444239843e+01
2.137436262193022429e+01
2.167209179295614163e+01
2.179150963546831576e+01
2.201740454429771887e+01
2.232529730095204101e+01
2.268182294779942154e+01
2.304834639893854842e+01
2.338514915124118687e+01
2.365573340046217510e+01
2.383077714465121133e+01
2.389131167804187328e+01
2.040865424949238260e+01
2.047628516840165247e+01
2.067184906566380320e+01
2.097415355852396956e+01
2.135043926444323859e+01
2.175992978851094861e+01
2.215825047854421825e+01
2.250223710719563286e+01
2.275461338574832126e+01
2.288803042839965940e+01
2.288803042839966295e+01
2.275461338574832126e+01
2.250223710719563286e+01
2.215825047854422181e+01
2.175992978851094861e+01
2.135043926444323859e+01
2.097415355852396956e+01
2.067184906566380675e+01
2.047628516840165247e+01
2.040865424949238260e+01
2.040865424949238260e+01
2.047628516840165247e+01
2.067184906566380320e+01
2.097415355852396956e+01
2.135043926444323859e+01
2.175992978851094861e+01
2.215825047854421825e+01
2.250223710719563286e+01
2.275461338574832126e+01
2.288803042839966295e+01
2.288803042839966295e+01
2.275461338574832482e+01
2.250223710719563286e+01
2.215825047854422181e+01
2.175992978851094861e+01
2.135043926444323859e+01
2.097415355852396956e+01
2.067184906566380675e+01
2.047628516840165247e+01
2.040865424949238260e+01
2.040865424949238260e+01
2.047628516840165247e+01
2.067184906566380320e+01
2.097415355852396956e+01
2.135043926444323859e+01
2.175992978851094861e+01
2.215825047854421825e+01
2.250223710719563286e+01
2.275461338574832482e+01
2.288803042839966295e+01
2.288803042839966295e+01
2.275461338574832482e+01
2.250223710719563286e+01
2.215825047854422181e+01
2.175992978851094861e+01
2.135043926444323859e+01
2.097415355852396956e+01
2.067184906566380675e+01
2.047628516840165247e+01
2.040865424949238260e+01
2.040865424949238260e+01
2.047628516840165247e+01
2.067184906566380675e+01
2.097415355852396956e+01
2.135043926444323859e+01
2.175992978851094861e+01
2.215825047854422181e+01
2.250223710719563286e+01
2.275461338574832482e+01
2.288803042839966295e+01
2.288803042839966295e+01
2.275461338574832482e+01
2.250223710719563286e+01
2.215825047854422181e+01
2.175992978851094861e+01
2.135043926444323859e+01
2.097415355852397312e+01
2.067184906566380675e+01
2.047628516840165247e+01
2.040865424949238260e+01
2.040865424949238260e+01
2.047628516840165247e+01
2.067184906566380675e+01
2.097415355852396956e+01
2.135043926444323859e+01
2.175992978851094861e+01
2.215825047854422181e+01
2.250223710719563286e+01
2.275461338574832482e+01
2.288803042839966295e+01
2.288803042839966295e+01
2.275461338574832482e+01
2.250223710719563641e+01
2.215825047854422181e+01
2.175992978851094861e+01
2.135043926444323859e+01
2.097415355852397312e+01
2.067184906566380675e+01
2.047628516840165247e+01
2.040865424949238616e+01
2.040865424949238616e+01
2.047628516840165247e+01
2.067184906566380675e+01
2.097415355852396956e+01
2.135043926444323859e+01
2.175992978851094861e+01
2.215825047854422181e+01
2.250223710719563286e+01
2.275461338574832482e+01
2.288803042839966295e+01
2.288803042839966295e+01
2.275461338574832482e+01
2.250223710719563641e+01
2.215825047854422181e+01
2.175992978851094861e+01
2.135043926444323859e+01
2.097415355852397312e+01
2.067184906566380675e+01
2.047628516840165247e+01
2.040865424949238616e+01
2.040865424949238616e+01
2.047628516840165247e+01
2.067184906566380675e+01
2.097415355852397312e+01
2.135043926444323859e+01
2.175992978851094861e+01
2.215825047854422181e+01
2.250223710719563286e+01
2.275461338574832482e+01
2.288803042839966295e+01
2.288803042839966295e+01
2.275461338574832482e+01
2.250223710719563641e+01
2.215825047854422181e+01
2.175992978851095216e+01
2.135043926444323859e+01
2.097415355852397312e+01
2.067184906566380675e+01
2.047628516840165247e+01
2.040865424949238616e+01
2.040865424949238616e+01
2.047628516840165247e+01
2.067184906566380675e+01
2.097415355852397312e+01
2.135043926444323859e+01
2.175992978851094861e+01
2.215825047854422181e+01
2.250223710719563641e+01
2.275461338574832482e+01
2.288803042839966295e+01
2.288803042839966295e+01
2.275461338574832482e+01
2.250223710719563641e+01
2.215825047854422181e+01
2.175992978851095216e+01
2.135043926444323859e+01
2.097415355852397312e+01
2.067184906566380675e+01
2.047628516840165247e+01
2.040865424949238616e+01
2.040865424949238616e+01
2.047628516840165247e+01
2.067184906566380675e+01
2.097415355852397312e+01
2.135043926444323859e+01
2.175992978851094861e+01
2.215825047854422181e+01
2.250223710719563641e+01
2.275461338574832482e+01
2.288803042839966295e+01
2.288803042839966295e+01
2.275461338574832482e+01
2.250223710719563641e+01
2.215825047854422181e+01
2.175992978851095216e+01
2.135043926444323859e+01
2.097415355852397312e+01
2.067184906566380675e+01
2.047628516840165247e+01
2.040865424949238616e+01
2.040865424949238616e+01
2.047628516840165247e+01
2.067184906566380675e+01
2.097415355852397312e+01
2.135043926444323859e+01
2.175992978851095216e+01
2.215825047854422181e+01
2.250223710719563641e+01
2.275461338574832482e+01
2.288803042839966295e+01
2.288803042839966295e+01
2.275461338574832482e+01
2.250223710719563641e+01
2.215825047854422181e+01
2.175992978851095216e+01
2.135043926444324214e+01
2.097415355852397312e+01
2.067184906566380675e+01
2.047628516840165247e+01
2.040865424949238616e+01
2.290505424949238389e+01
2.290505424949238389e+01
2.290505424949238389e+01
2.290505424949238389e+01
2.290505424949238389e+01
2.290505424949238389e+01
2.290505424949238389e+01
2.290505424949238389e+01
2.290505424949238389e+01
2.290505424949238389e+01
2.332610688107133257e+01
2.332610688107133257e+01
2.332610688107133257e+01
2.332610688107133257e+01
2.332610688107133257e+01
2.332610688107133257e+01
2.332610688107133257e+01
2.332610688107133257e+01
2.332610688107133257e+01
2.332610688107133257e+01
2.374715951265027769e+01
2.374715951265027769e+01
2.374715951265027769e+01
2.374715951265027769e+01
2.374715951265027769e+01
2.374715951265027769e+01
2.374715951265027769e+01
2.374715951265027769e+01
2.374715951265027769e+01
2.374715951265027769e+01
2.416821214422922637e+01
2.416821214422922637e+01
2.416821214422922637e+01
2.416821214422922637e+01
2.416821214422922637e+01
2.416821214422922637e+01
2.416821214422922637e+01
2.416821214422922637e+01
2.416821214422922637e+01
2.416821214422922637e+01
2.458926477580817149e+01
2.458926477580817149e+01
2.458926477580817149e+01
2.458926477580817149e+01
2.458926477580817149e+01
2.458926477580817149e+01
2.458926477580817149e+01
2.458926477580817149e+01
2.458926477580817149e+01
2.458926477580817149e+01
2.501031740738712017e+01
2.501031740738712017e+01
2.501031740738712017e+01
2.501031740738712017e+01
2.501031740738712017e+01
2.501031740738712017e+01
2.501031740738712017e+01
2.501031740738712017e+01
2.501031740738712017e+01
2.501031740738712017e+01
2.543137003896606885e+01
2.543137003896606885e+01
2.543137003896606885e+01
2.543137003896606885e+01
2.543137003896606885e+01
2.543137003896606885e+01
2.543137003896606885e+01
2.543137003896606885e+01
2.543137003896606885e+01
2.543137003896606885e+01
2.585242267054501397e+01
2.585242267054501397e+01
2.585242267054501397e+01
2.585242267054501397e+01
2.585242267054501397e+01
2.585242267054501397e+01
2.585242267054501397e+01
2.585242267054501397e+01
2.585242267054501397e+01
2.585242267054501397e+01
2.627347530212396265e+01
2.627347530212396265e+01
2.627347530212396265e+01
2.627347530212396265e+01
2.627347530212396265e+01
2.627347530212396265e+01
2.627347530212396265e+01
2.627347530212396265e+01
2.627347530212396265e+01
2.627347530212396265e+01
2.669452793370291133e+01
2.669452793370291133e+01
2.669452793370291133e+01
2.669452793370291133e+01
2.669452793370291133e+01
2.669452793370291133e+01
2.669452793370291133e+01
2.669452793370291133e+01
2.669452793370291133e+01
2.669452793370291133e+01
2.711558056528185645e+01
2.711558056528185645e+01
2.711558056528185645e+01
2.711558056528185645e+01
2.711558056528185645e+01
2.711558056528185645e+01
2.711558056528185645e+01
2.711558056528185645e+01
2.711558056528185645e+01
2.711558056528185645e+01
2.753663319686080513e+01
2.753663319686080513e+01
2.753663319686080513e+01
2.753663319686080513e+01
2.753663319686080513e+01
2.753663319686080513e+01
2.753663319686080513e+01
2.753663319686080513e+01
2.753663319686080513e+01
2.753663319686080513e+01
2.795768582843975381e+01
2.795768582843975381e+01
2.795768582843975381e+01
2.795768582843975381e+01
2.795768582843975381e+01
2.795768582843975381e+01
2.795768582843975381e+01
2.795768582843975381e+01
2.795768582843975381e+01
2.795768582843975381e+01
2.837873846001869893e+01
2.837873846001869893e+01
2.837873846001869893e+01
2.837873846001869893e+01
2.837873846001869893e+01
2.837873846001869893e+01
2.837873846001869893e+01
2.837873846001869893e+01
2.837873846001869893e+01
2.837873846001869893e+01
2.879979109159764761e+01
2.879979109159764761e+01
2.879979109159764761e+01
2.879979109159764761e+01
2.879979109159764761e+01
2.879979109159764761e+01
2.879979109159764761e+01
2.879979109159764761e+01
2.879979109159764761e+01
2.879979109159764761e+01
2.922084372317659628e+01
2.922084372317659628e+01
2.922084372317659628e+01
2.922084372317659628e+01
2.922084372317659628e+01
2.922084372317659628e+01
2.922084372317659628e+01
2.922084372317659628e+01
2.922084372317659628e+01
2.922084372317659628e+01
2.964189635475554141e+01
2.964189635475554141e+01
2.964189635475554141e+01
2.964189635475554141e+01
2.964189635475554141e+01
2.964189635475554141e+01
2.964189635475554141e+01
2.964189635475554141e+01
2.964189635475554141e+01
2.964189635475554141e+01
3.006294898633448653e+01
3.006294898633448653e+01
3.006294898633448653e+01
3.006294898633448653e+01
3.006294898633448653e+01
3.006294898633448653e+01
3.006294898633448653e+01
3.006294898633448653e+01
3.006294898633448653e+01
3.006294898633448653e+01
3.048400161791343521e+01
3.048400161791343521e+01
3.048400161791343521e+01
3.048400161791343521e+01
3.048400161791343521e+01
3.048400161791343521e+01
3.048400161791343521e+01
3.048400161791343521e+01
3.048400161791343521e+01
3.048400161791343521e+01
3.090505424949238389e+01
3.090505424949238389e+01
3.090505424949238389e+01
3.090505424949238389e+01
3.090505424949238389e+01
3.090505424949238389e+01
3.090505424949238389e+01
3.090505424949238389e+01
3.090505424949238389e+01
3.090505424949238389e+01
2.026232936833464748e+01
2.030010897062375719e+01
2.040935377137213536e+01
2.057822540131095579e+01
2.078842399902302773e+01
2.101717128487895891e+01
2.123967894107640930e+01
2.143183481050436967e+01
2.157281582310480417e+01
2.164734449861665055e+01
2.134961532759073677e+01
2.127508665207889038e+01
2.113410563947845588e+01
2.094194977005049552e+01
2.071944211385304513e+01
2.049069482799711395e+01
2.028049623028504200e+01
2.011162460034621802e+01
2.000237979959784340e+01
1.996460019730873370e+01
1.966687102628281636e+01
1.970465062857192606e+01
1.981389542932030423e+01
1.998276705925912466e+01
2.019296565697120016e+01
2.042171294282713134e+01
2.064422059902458173e+01
2.083637646845254210e+01
2.097735748105297660e+01
2.105188615656482298e+01
2.075415698553890920e+01
2.067962831002705926e+01
2.053864729742662831e+01
2.034649142799866439e+01
2.012398377180121400e+01
1.989523648594528638e+01
1.968503788823321088e+01
1.951616625829439045e+01
1.940692145754601228e+01
1.936914185525690257e+01
1.907141268423098879e+01
1.910919228652009849e+01
1.921843708726847666e+01
1.938730871720729709e+01
1.959750731491936904e+01
1.982625460077530022e+01
2.004876225697275061e+01
2.024091812640071097e+01
2.038189913900114547e+01
2.045642781451299186e+01
2.015869864348707807e+01
2.008416996797523169e+01
1.994318895537479719e+01
1.975103308594683682e+01
1.952852542974938643e+01
1.929977814389345525e+01
1.908957954618138331e+01
1.892070791624255932e+01
1.881146311549418471e+01
1.877368351320507145e+01
1.847595434217915766e+01
1.851373394446826737e+01
1.862297874521664554e+01
1.879185037515546597e+01
1.900204897286754147e+01
1.923079625872347265e+01
1.945330391492092303e+01
1.964545978434888340e+01
1.978644079694931790e+01
1.986096947246116429e+01
1.956324030143525050e+01
1.948871162592340056e+01
1.934773061332296962e+01
1.915557474389500570e+01
1.893306708769755531e+01
1.870431980184162768e+01
1.849412120412955218e+01
1.832524957419073175e+01
1.821600477344235358e+01
1.817822517115324388e+01
1.788049600012733009e+01
1.791827560241643980e+01
1.802752040316481796e+01
1.819639203310363840e+01
1.840659063081571034e+01
1.863533791667164152e+01
1.885784557286909191e+01
1.905000144229705228e+01
1.919098245489748678e+01
1.926551113040933316e+01
1.896778195938341938e+01
1.889325328387157299e+01
1.875227227127113849e+01
1.856011640184317812e+01
1.833760874564572774e+01
1.810886145978979656e+01
1.789866286207772106e+01
1.772979123213890063e+01
1.762054643139052601e+01
1.758276682910141275e+01
1.728503765807549897e+01
1.732281726036460867e+01
1.743206206111298684e+01
1.760093369105180727e+01
1.781113228876388277e+01
1.803987957461981040e+01
1.826238723081726079e+01
1.845454310024522471e+01
1.859552411284565920e+01
1.867005278835750559e+01
1.837232361733158825e+01
1.829779494181974187e+01
1.815681392921931092e+01
1.796465805979134700e+01
1.774215040359389661e+01
1.751340311773796543e+01
1.730320452002589349e+01
1.713433289008707305e+01
1.702508808933869489e+01
1.698730848704958518e+01
1.668957931602367140e+01
1.672735891831278110e+01
1.683660371906115927e+01
1.700547534899997970e+01
1.721567394671205165e+01
1.744442123256798283e+01
1.766692888876543321e+01
1.785908475819339358e+01
1.800006577079382808e+01
1.807459444630567447e+01
1.777686527527976068e+01
1.770233659976791429e+01
1.756135558716747980e+01
1.736919971773951943e+01
1.714669206154206904e+01
1.691794477568613786e+01
1.670774617797406592e+01
1.653887454803524548e+01
1.642962974728686731e+01
1.639185014499775406e+01
1.609412097397184027e+01
1.613190057626094998e+01
1.624114537700932814e+01
1.641001700694814858e+01
1.662021560466022407e+01
1.684896289051615526e+01
1.707147054671360564e+01
1.726362641614156601e+01
1.740460742874199696e+01
1.747913610425384690e+01
1.718140693322792956e+01
1.710687825771608317e+01
1.696589724511565223e+01
1.677374137568768830e+01
1.655123371949023792e+01
1.632248643363431029e+01
1.611228783592223479e+01
1.594341620598341436e+01
1.583417140523503619e+01
1.579639180294592649e+01
1.549866263192001270e+01
1.553644223420912240e+01
1.564568703495749702e+01
1.581455866489632101e+01
1.602475726260839295e+01
1.625350454846432413e+01
1.647601220466177452e+01
1.666816807408973489e+01
1.680914908669016938e+01
1.688367776220201577e+01
1.658594859117610198e+01
1.651141991566425560e+01
1.637043890306382110e+01
1.617828303363586073e+01
1.595577537743841035e+01
1.572702809158247916e+01
1.551682949387040367e+01
1.534795786393158323e+01
1.523871306318320862e+01
1.520093346089409714e+01
1.490320428986818158e+01
1.494098389215729128e+01
1.505022869290566945e+01
1.521910032284448988e+01
1.542929892055656538e+01
1.565804620641249301e+01
1.588055386260994339e+01
1.607270973203790732e+01
1.621369074463834181e+01
1.628821942015018820e+01
1.599049024912427086e+01
1.591596157361242447e+01
1.577498056101199353e+01
1.558282469158402961e+01
1.536031703538657922e+01
1.513156974953064982e+01
1.492137115181857610e+01
1.475249952187975566e+01
1.464325472113137749e+01
1.460547511884226779e+01
2.165685424949238325e+01
2.169463385178149295e+01
2.180387865252987112e+01
2.197275028246869155e+01
2.218294888018076350e+01
2.241169616603669468e+01
2.263420382223414506e+01
2.282635969166210543e+01
2.296734070426253993e+01
2.304186937977438632e+01
2.333959855080030366e+01
2.326506987528845372e+01
2.312408886268802277e+01
2.293193299326006240e+01
2.270942533706261202e+01
2.248067805120668083e+01
2.227047945349460534e+01
2.210160782355578490e+01
2.199236302280740674e+01
2.195458342051829703e+01
2.225231259154421082e+01
2.229009219383332407e+01
2.239933699458169869e+01
2.256820862452051912e+01
2.277840722223259462e+01
2.300715450808852580e+01
2.322966216428597619e+01
2.342181803371393656e+01
2.356279904631437105e+01
2.363732772182621744e+01
2.393505689285213123e+01
2.386052821734028484e+01
2.371954720473985034e+01
2.352739133531188997e+01
2.330488367911443959e+01
2.307613639325850841e+01
2.286593779554643646e+01
2.269706616560761603e+01
2.258782136485923786e+01
2.255004176257012816e+01
2.284777093359604194e+01
2.288555053588515165e+01
2.299479533663352981e+01
2.316366696657235025e+01
2.337386556428442574e+01
2.360261285014035337e+01
2.382512050633780376e+01
2.401727637576576768e+01
2.415825738836619863e+01
2.423278606387804501e+01
2.453051523490396235e+01
2.445598655939211596e+01
2.431500554679168147e+01
2.412284967736372110e+01
2.390034202116627071e+01
2.367159473531033953e+01
2.346139613759826403e+01
2.329252450765944360e+01
2.318327970691106898e+01
2.314550010462195573e+01
2.344322927564787307e+01
2.348100887793698277e+01
2.359025367868536094e+01
2.375912530862418137e+01
2.396932390633625332e+01
2.419807119219218450e+01
2.442057884838963489e+01
2.461273471781759525e+01
2.475371573041802975e+01
2.482824440592987614e+01
2.512597357695578992e+01
2.505144490144394354e+01
2.491046388884351259e+01
2.471830801941554867e+01
2.449580036321809828e+01
2.426705307736217065e+01
2.405685447965009516e+01
2.388798284971127472e+01
2.377873804896289656e+01
2.374095844667378685e+01
2.403868761769970064e+01
2.407646721998881034e+01
2.418571202073718851e+01
2.435458365067600894e+01
2.456478224838808444e+01
2.479352953424401562e+01
2.501603719044146601e+01
2.520819305986942638e+01
2.534917407246985732e+01
2.542370274798170726e+01
2.572143191900762105e+01
2.564690324349577466e+01
2.550592223089534016e+01
2.531376636146737980e+01
2.509125870526992941e+01
2.486251141941399823e+01
2.465231282170192628e+01
2.448344119176310585e+01
2.437419639101472768e+01
2.433641678872561442e+01
2.463414595975153176e+01
2.467192556204064147e+01
2.478117036278901963e+01
2.495004199272784007e+01
2.516024059043991201e+01
2.538898787629584319e+01
2.561149553249329358e+01
2.580365140192125395e+01
2.594463241452168845e+01
2.601916109003353483e+01
2.631689026105944862e+01
2.624236158554760223e+01
2.610138057294717129e+01
2.590922470351921092e+01
2.568671704732176053e+01
2.545796976146582935e+01
2.524777116375375385e+01
2.507889953381493342e+01
2.496965473306655525e+01
2.493187513077744555e+01
2.522960430180335933e+01
2.526738390409247259e+01
2.537662870484084721e+01
2.554550033477966764e+01
2.575569893249174314e+01
2.598444621834767432e+01
2.620695387454512471e+01
2.639910974397308507e+01
2.654009075657351957e+01
2.661461943208536596e+01
2.691234860311127974e+01
2.683781992759943336e+01
2.669683891499899886e+01
2.650468304557103849e+01
2.628217538937358810e+01
2.605342810351765692e+01
2.584322950580558498e+01
2.567435787586676454e+01
2.556511307511838638e+01
2.552733347282927667e+01
2.582506264385519046e+01
2.586284224614430016e+01
2.597208704689267833e+01
2.614095867683149876e+01
2.635115727454357426e+01
2.657990456039950189e+01
2.680241221659695228e+01
2.699456808602491265e+01
2.713554909862534714e+01
2.721007777413719353e+01
2.750780694516311087e+01
2.743327826965126093e+01
2.729229725705082998e+01
2.710014138762286962e+01
2.687763373142541923e+01
2.664888644556948805e+01
2.643868784785741610e+01
2.626981621791859212e+01
2.616057141717021750e+01
2.612279181488110424e+01
2.642052098590701803e+01
2.645830058819613129e+01
2.656754538894450945e+01
2.673641701888332989e+01
2.694661561659540183e+01
2.717536290245133301e+01
2.739787055864878340e+01
2.759002642807674377e+01
2.773100744067717827e+01
2.780553611618902465e+01
2.810326528721493844e+01
2.802873661170309205e+01
2.788775559910266111e+01
2.769559972967469719e+01
2.747309207347724680e+01
2.724434478762131562e+01
2.703414618990924367e+01
2.686527455997042324e+01
2.675602975922204507e+01
2.671825015693293537e+01
2.701597932795884915e+01
2.705375893024795886e+01
2.716300373099633703e+01
2.733187536093515746e+01
2.754207395864723296e+01
2.777082124450316059e+01
2.799332890070061097e+01
2.818548477012857489e+01
2.832646578272900939e+01
2.840099445824085223e+01
2.869872362926676956e+01
2.862419495375492318e+01
2.848321394115448868e+01
2.829105807172652831e+01
2.806855041552907792e+01
2.783980312967314674e+01
2.762960453196107480e+01
2.746073290202225081e+01
2.735148810127387620e+01
2.731370849898476649e+01
2.965685424949238680e+01
2.969463385178149650e+01
2.980387865252987467e+01
2.997275028246869510e+01
3.018294888018076705e+01
3.041169616603669823e+01
3.063420382223414862e+01
3.082635969166210899e+01
3.096734070426254348e+01
3.104186937977438987e+01
3.133959855080030721e+01
3.126506987528845727e+01
3.112408886268802632e+01
3.093193299326006596e+01
3.070942533706261202e+01
3.048067805120668439e+01
3.027047945349460889e+01
3.010160782355578846e+01
2.999236302280741029e+01
2.995458342051830058e+01
3.025231259154421437e+01
3.029009219383332763e+01
3.039933699458170224e+01
3.056820862452052268e+01
3.077840722223259817e+01
3.100715450808852935e+01
3.122966216428597974e+01
3.142181803371394011e+01
3.156279904631437461e+01
3.163732772182622099e+01
3.193505689285213478e+01
3.186052821734028839e+01
3.171954720473985390e+01
3.152739133531189353e+01
3.130488367911444314e+01
3.107613639325851196e+01
3.086593779554644001e+01
3.069706616560761958e+01
3.058782136485924141e+01
3.055004176257013171e+01
3.084777093359604550e+01
3.088555053588515520e+01
3.099479533663353337e+01
3.116366696657235380e+01
3.137386556428442930e+01
3.160261285014035693e+01
3.182512050633780731e+01
3.201727637576577479e+01
3.215825738836620218e+01
3.223278606387805212e+01
3.253051523490396590e+01
3.245598655939211596e+01
3.231500554679168857e+01
3.212284967736372465e+01
3.190034202116627426e+01
3.167159473531034308e+01
3.146139613759826759e+01
3.129252450765944715e+01
3.118327970691106898e+01
3.114550010462195928e+01
3.144322927564787307e+01
3.148100887793698632e+01
3.159025367868536094e+01
3.175912530862418492e+01
3.196932390633625687e+01
3.219807119219218805e+01
3.242057884838963844e+01
3.261273471781760236e+01
3.275371573041802975e+01
3.282824440592987969e+01
3.312597357695579348e+01
3.305144490144395064e+01
3.291046388884351614e+01
3.271830801941555222e+01
3.249580036321810184e+01
3.226705307736217065e+01
3.205685447965009871e+01
3.188798284971127828e+01
3.177873804896290011e+01
3.174095844667379041e+01
3.203868761769970774e+01
3.207646721998881389e+01
3.218571202073719206e+01
3.235458365067601250e+01
3.256478224838809155e+01
3.279352953424401562e+01
3.301603719044146601e+01
3.320819305986942993e+01
3.334917407246986443e+01
3.342370274798170726e+01
3.372143191900762105e+01
3.364690324349577821e+01
3.350592223089534372e+01
3.331376636146737980e+01
3.309125870526992941e+01
3.286251141941400533e+01
3.265231282170192628e+01
3.248344119176310585e+01
3.237419639101473479e+01
3.233641678872562153e+01
3.263414595975153532e+01
3.267192556204064857e+01
3.278117036278901963e+01
3.295004199272784007e+01
3.316024059043991912e+01
3.338898787629584319e+01
3.361149553249329358e+01
3.380365140192125750e+01
3.394463241452169200e+01
3.401916109003354194e+01
3.431689026105945572e+01
3.424236158554760578e+01
3.410138057294717129e+01
3.390922470351921447e+01
3.368671704732176408e+01
3.345796976146583290e+01
3.324777116375376096e+01
3.307889953381493342e+01
3.296965473306656236e+01
3.293187513077744910e+01
3.322960430180336289e+01
3.326738390409247614e+01
3.337662870484085431e+01
3.354550033477967474e+01
3.375569893249174669e+01
3.398444621834767787e+01
3.420695387454512826e+01
3.439910974397308507e+01
3.454009075657351957e+01
3.461461943208536951e+01
3.491234860311128330e+01
3.483781992759943336e+01
3.469683891499900597e+01
3.450468304557104204e+01
3.428217538937359166e+01
3.405342810351766047e+01
3.384322950580558853e+01
3.367435787586676810e+01
3.356511307511838993e+01
3.352733347282927667e+01
3.382506264385519046e+01
3.386284224614430372e+01
3.397208704689268188e+01
3.414095867683150232e+01
3.435115727454357426e+01
3.457990456039950544e+01
3.480241221659695583e+01
3.499456808602491975e+01
3.513554909862534714e+01
3.521007777413719708e+01
3.550780694516311087e+01
3.543327826965126803e+01
3.529229725705083354e+01
3.510014138762286962e+01
3.487763373142541923e+01
3.464888644556948805e+01
3.443868784785741610e+01
3.426981621791859567e+01
3.416057141717021750e+01
3.412279181488111135e+01
3.442052098590702514e+01
3.445830058819613129e+01
3.456754538894450945e+01
3.473641701888332989e+01
3.494661561659540894e+01
3.517536290245133301e+01
3.539787055864878340e+01
3.559002642807674732e+01
3.573100744067718182e+01
3.580553611618902465e+01
3.610326528721493844e+01
3.602873661170309560e+01
3.588775559910266111e+01
3.569559972967469719e+01
3.547309207347724680e+01
3.524434478762132272e+01
3.503414618990924367e+01
3.486527455997042324e+01
3.475602975922204507e+01
3.471825015693293892e+01
3.501597932795885271e+01
3.505375893024796596e+01
3.516300373099633703e+01
3.533187536093515746e+01
3.554207395864723651e+01
3.577082124450316769e+01
3.599332890070061808e+01
3.618548477012857489e+01
3.632646578272900939e+01
3.640099445824085933e+01
3.669872362926677312e+01
3.662419495375492318e+01
3.648321394115448868e+01
3.629105807172653186e+01
3.606855041552908148e+01
3.583980312967315029e+01
3.562960453196107835e+01
3.546073290202225792e+01
3.535148810127387975e+01
3.531370849898476649e+01
3.105137913065012256e+01
3.101359952836101286e+01
3.090435472761263469e+01
3.073548309767381426e+01
3.052528449996174231e+01
3.029653721410581113e+01
3.007402955790836074e+01
2.988187368848040038e+01
2.974089267587996588e+01
2.966636400036811949e+01
2.996409317139403328e+01
3.003862184690587966e+01
3.017960285950631416e+01
3.037175872893427453e+01
3.059426638513172492e+01
3.082301367098765610e+01
3.103321226869972804e+01
3.120208389863855203e+01
3.131132869938692664e+01
3.134910830167603990e+01
3.164683747270195369e+01
3.160905787041284398e+01
3.149981306966446581e+01
3.133094143972564538e+01
3.112074284201356988e+01
3.089199555615763870e+01
3.066948789996018832e+01
3.047733203053222795e+01
3.033635101793179345e+01
3.026182234241994706e+01
3.055955151344586440e+01
3.063408018895771079e+01
3.077506120155814173e+01
3.096721707098610565e+01
3.118972472718355604e+01
3.141847201303948367e+01
3.162867061075155917e+01
3.179754224069037960e+01
3.190678704143875777e+01
3.194456664372786747e+01
3.224229581475378126e+01
3.220451621246467511e+01
3.209527141171629694e+01
3.192639978177747295e+01
3.171620118406540101e+01
3.148745389820946983e+01
3.126494624201201944e+01
3.107279037258405907e+01
3.093180935998362457e+01
3.085728068447177819e+01
3.115500985549769197e+01
3.122953853100953836e+01
3.137051954360997286e+01
3.156267541303793323e+01
3.178518306923538361e+01
3.201393035509131835e+01
3.222412895280339029e+01
3.239300058274221072e+01
3.250224538349058889e+01
3.254002498577970215e+01
3.283775415680560883e+01
3.279997455451650268e+01
3.269072975376812451e+01
3.252185812382930408e+01
3.231165952611723213e+01
3.208291224026130095e+01
3.186040458406385056e+01
3.166824871463588664e+01
3.152726770203545570e+01
3.145273902652360576e+01
3.175046819754952310e+01
3.182499687306136948e+01
3.196597788566180043e+01
3.215813375508976435e+01
3.238064141128721474e+01
3.260938869714314592e+01
3.281958729485521786e+01
3.298845892479403830e+01
3.309770372554241646e+01
3.313548332783152972e+01
3.343321249885744351e+01
3.339543289656833025e+01
3.328618809581995208e+01
3.311731646588113165e+01
3.290711786816905970e+01
3.267837058231312852e+01
3.245586292611567814e+01
3.226370705668772132e+01
3.212272604408728682e+01
3.204819736857543688e+01
3.234592653960135067e+01
3.242045521511320061e+01
3.256143622771363511e+01
3.275359209714159192e+01
3.297609975333904231e+01
3.320484703919497349e+01
3.341504563690704543e+01
3.358391726684586587e+01
3.369316206759424404e+01
3.373094166988335729e+01
3.402867084090927108e+01
3.399089123862015782e+01
3.388164643787178676e+01
3.371277480793296633e+01
3.350257621022088728e+01
3.327382892436495609e+01
3.305132126816750571e+01
3.285916539873954889e+01
3.271818438613911439e+01
3.264365571062727156e+01
3.294138488165317824e+01
3.301591355716502818e+01
3.315689456976546268e+01
3.334905043919341949e+01
3.357155809539086988e+01
3.380030538124680106e+01
3.401050397895888011e+01
3.417937560889770054e+01
3.428862040964607871e+01
3.432640001193518486e+01
3.462412918296109865e+01
3.458634958067199250e+01
3.447710477992361433e+01
3.430823314998479390e+01
3.409803455227272195e+01
3.386928726641679077e+01
3.364677961021934038e+01
3.345462374079137646e+01
3.331364272819094197e+01
3.323911405267909913e+01
3.353684322370501292e+01
3.361137189921685575e+01
3.375235291181729025e+01
3.394450878124525417e+01
3.416701643744270456e+01
3.439576372329862863e+01
3.460596232101070768e+01
3.477483395094952812e+01
3.488407875169790628e+01
3.492185835398701244e+01
3.521958752501293333e+01
3.518180792272382007e+01
3.507256312197544190e+01
3.490369149203662147e+01
3.469349289432454952e+01
3.446474560846861834e+01
3.424223795227116796e+01
3.405008208284320403e+01
3.390910107024276954e+01
3.383457239473092670e+01
3.413230156575684049e+01
3.420683024126869043e+01
3.434781125386911782e+01
3.453996712329708174e+01
3.476247477949453213e+01
3.499122206535046331e+01
3.520142066306253525e+01
3.537029229300135569e+01
3.547953709374973386e+01
3.551731669603884711e+01
3.581504586706476090e+01
3.577726626477564764e+01
3.566802146402726947e+01
3.549914983408844904e+01
3.528895123637637710e+01
3.506020395052044591e+01
3.483769629432299553e+01
3.464554042489503161e+01
3.450455941229460421e+01
3.443003073678275427e+01
3.472775990780866806e+01
3.480228858332051800e+01
3.494326959592095250e+01
3.513542546534890931e+01
3.535793312154635970e+01
3.558668040740229088e+01
3.579687900511436283e+01
3.596575063505318326e+01
3.607499543580156143e+01
3.611277503809067468e+01
3.641050420911658847e+01
3.637272460682748232e+01
3.626347980607910415e+01
3.609460817614028372e+01
3.588440957842820467e+01
3.565566229257227349e+01
3.543315463637482310e+01
3.524099876694686628e+01
3.510001775434643179e+01
3.502548907883458185e+01
3.532321824986050274e+01
3.539774692537234557e+01
3.553872793797278007e+01
3.573088380740074399e+01
3.595339146359819438e+01
3.618213874945412556e+01
3.639233734716619750e+01
3.656120897710501794e+01
3.667045377785339610e+01
3.670823338014250226e+01
2.290505424949238389e+01
2.290505424949238389e+01
2.290505424949238389e+01
2.290505424949238389e+01
2.290505424949238389e+01
2.290505424949238389e+01
2.290505424949238389e+01
2.290505424949238389e+01
2.290505424949238389e+01
2.290505424949238389e+01
2.332610688107133257e+01
2.332610688107133257e+01
2.332610688107133257e+01
2.332610688107133257e+01
2.332610688107133257e+01
2.332610688107133257e+01
2.332610688107133257e+01
2.332610688107133257e+01
2.332610688107133257e+01
2.332610688107133257e+01
2.374715951265027769e+01
2.374715951265027769e+01
2.374715951265027769e+01
2.374715951265027769e+01
2.374715951265027769e+01
2.374715951265027769e+01
2.374715951265027769e+01
2.374715951265027769e+01
2.374715951265027769e+01
2.374715951265027769e+01
2.416821214422922637e+01
2.416821214422922637e+01
2.416821214422922637e+01
2.416821214422922637e+01
2.416821214422922637e+01
2.416821214422922637e+01
2.416821214422922637e+01
2.416821214422922637e+01
2.416821214422922637e+01
2.416821214422922637e+01
2.458926477580817149e+01
2.458926477580817149e+01
2.458926477580817149e+01
2.458926477580817149e+01
2.458926477580817149e+01
2.458926477580817149e+01
2.458926477580817149e+01
2.458926477580817149e+01
2.458926477580817149e+01
2.458926477580817149e+01
2.501031740738712017e+01
2.501031740738712017e+01
2.501031740738712017e+01
2.501031740738712017e+01
2.501031740738712017e+01
2.501031740738712017e+01
2.501031740738712017e+01
2.501031740738712017e+01
2.501031740738712017e+01
2.501031740738712017e+01
2.543137003896606885e+01
2.543137003896606885e+01
2.543137003896606885e+01
2.543137003896606885e+01
2.543137003896606885e+01
2.543137003896606885e+01
2.543137003896606885e+01
2.543137003896606885e+01
2.543137003896606885e+01
2.543137003896606885e+01
2.585242267054501397e+01
2.585242267054501397e+01
2.585242267054501397e+01
2.585242267054501397e+01
2.585242267054501397e+01
2.585242267054501397e+01
2.585242267054501397e+01
2.585242267054501397e+01
2.585242267054501397e+01
2.585242267054501397e+01
2.627347530212396265e+01
2.627347530212396265e+01
2.627347530212396265e+01
2.627347530212396265e+01
2.627347530212396265e+01
2.627347530212396265e+01
2.627347530212396265e+01
2.627347530212396265e+01
2.627347530212396265e+01
2.627347530212396265e+01
2.669452793370291133e+01
2.669452793370291133e+01
2.669452793370291133e+01
2.669452793370291133e+01
2.669452793370291133e+01
2.669452793370291133e+01
2.669452793370291133e+01
2.669452793370291133e+01
2.669452793370291133e+01
2.669452793370291133e+01
2.711558056528185645e+01
2.711558056528185645e+01
2.711558056528185645e+01
2.711558056528185645e+01
2.711558056528185645e+01
2.711558056528185645e+01
2.711558056528185645e+01
2.711558056528185645e+01
2.711558056528185645e+01
2.711558056528185645e+01
2.753663319686080513e+01
2.753663319686080513e+01
2.753663319686080513e+01
2.753663319686080513e+01
2.753663319686080513e+01
2.753663319686080513e+01
2.753663319686080513e+01
2.753663319686080513e+01
2.753663319686080513e+01
2.753663319686080513e+01
2.795768582843975381e+01
2.795768582843975381e+01
2.795768582843975381e+01
2.795768582843975381e+01
2.795768582843975381e+01
2.795768582843975381e+01
2.795768582843975381e+01
2.795768582843975381e+01
2.795768582843975381e+01
2.795768582843975381e+01
2.837873846001869893e+01
2.837873846001869893e+01
2.837873846001869893e+01
2.837873846001869893e+01
2.837873846001869893e+01
2.837873846001869893e+01
2.837873846001869893e+01
2.837873846001869893e+01
2.837873846001869893e+01
2.837873846001869893e+01
2.879979109159764761e+01
2.879979109159764761e+01
2.879979109159764761e+01
2.879979109159764761e+01
2.879979109159764761e+01
2.879979109159764761e+01
2.879979109159764761e+01
2.879979109159764761e+01
2.879979109159764761e+01
2.879979109159764761e+01
2.922084372317659628e+01
2.922084372317659628e+01
2.922084372317659628e+01
2.922084372317659628e+01
2.922084372317659628e+01
2.922084372317659628e+01
2.922084372317659628e+01
2.922084372317659628e+01
2.922084372317659628e+01
2.922084372317659628e+01
2.964189635475554141e+01
2.964189635475554141e+01
2.964189635475554141e+01
2.964189635475554141e+01
2.964189635475554141e+01
2.964189635475554141e+01
2.964189635475554141e+01
2.964189635475554141e+01
2.964189635475554141e+01
2.964189635475554141e+01
3.006294898633448653e+01
3.006294898633448653e+01
3.006294898633448653e+01
3.006294898633448653e+01
3.006294898633448653e+01
3.006294898633448653e+01
3.006294898633448653e+01
3.006294898633448653e+01
3.006294898633448653e+01
3.006294898633448653e+01
3.048400161791343521e+01
3.048400161791343521e+01
3.048400161791343521e+01
3.048400161791343521e+01
3.048400161791343521e+01
3.048400161791343521e+01
3.048400161791343521e+01
3.048400161791343521e+01
3.048400161791343521e+01
3.048400161791343521e+01
3.090505424949238389e+01
3.090505424949238389e+01
3.090505424949238389e+01
3.090505424949238389e+01
3.090505424949238389e+01
3.090505424949238389e+01
3.090505424949238389e+01
3.090505424949238389e+01
3.090505424949238389e+01
3.090505424949238389e+01
2.290505424949238389e+01
2.283742333058311402e+01
2.264185943332096329e+01
2.233955494046079693e+01
2.196326923454152791e+01
2.155377871047381788e+01
2.115545802044054824e+01
2.081147139178913363e+01
2.055909511323644523e+01
2.042567807058510709e+01
2.042567807058510709e+01
2.055909511323644523e+01
2.081147139178913363e+01
2.115545802044054469e+01
2.155377871047381788e+01
2.196326923454152791e+01
2.233955494046079693e+01
2.264185943332096329e+01
2.283742333058311402e+01
2.290505424949238389e+01
2.290505424949238389e+01
2.283742333058311402e+01
2.264185943332096329e+01
2.233955494046079693e+01
2.196326923454152791e+01
2.155377871047381788e+01
2.115545802044054824e+01
2.081147139178913363e+01
2.055909511323644523e+01
2.042567807058510709e+01
2.042567807058510709e+01
2.055909511323644523e+01
2.081147139178913363e+01
2.115545802044054824e+01
2.155377871047381788e+01
2.196326923454152791e+01
2.233955494046079693e+01
2.264185943332096329e+01
2.283742333058311402e+01
2.290505424949238389e+01
2.290505424949238389e+01
2.283742333058311758e+01
2.264185943332096329e+01
2.233955494046079693e+01
2.196326923454152791e+01
2.155377871047381788e+01
2.115545802044054824e+01
2.081147139178913363e+01
2.055909511323644523e+01
2.042567807058510709e+01
2.042567807058510709e+01
2.055909511323644523e+01
2.081147139178913363e+01
2.115545802044054824e+01
2.155377871047381788e+01
2.196326923454152791e+01
2.233955494046079693e+01
2.264185943332096329e+01
2.283742333058311402e+01
2.290505424949238389e+01
2.290505424949238389e+01
2.283742333058311758e+01
2.264185943332096329e+01
2.233955494046079693e+01
2.196326923454152791e+01
2.155377871047381788e+01
2.115545802044054824e+01
2.081147139178913363e+01
2.055909511323644523e+01
2.042567807058510709e+01
2.042567807058510709e+01
2.055909511323644523e+01
2.081147139178913363e+01
2.115545802044054824e+01
2.155377871047381788e+01
2.196326923454152791e+01
2.233955494046079693e+01
2.264185943332096329e+01
2.283742333058311758e+01
2.290505424949238389e+01
2.290505424949238389e+01
2.283742333058311758e+01
2.264185943332096329e+01
2.233955494046079693e+01
2.196326923454153146e+01
2.155377871047381788e+01
2.115545802044054824e+01
2.081147139178913363e+01
2.055909511323644523e+01
2.042567807058510709e+01
2.042567807058510709e+01
2.055909511323644523e+01
2.081147139178913363e+01
2.115545802044054824e+01
2.155377871047381788e+01
2.196326923454152791e+01
2.233955494046079693e+01
2.264185943332096329e+01
2.283742333058311758e+01
2.290505424949238389e+01
2.290505424949238389e+01
2.283742333058311758e+01
2.264185943332096329e+01
2.233955494046079693e+01
2.196326923454153146e+01
2.155377871047381788e+01
2.115545802044054824e+01
2.081147139178913363e+01
2.055909511323644523e+01
2.042567807058510709e+01
2.042567807058510709e+01
2.055909511323644523e+01
2.081147139178913363e+01
2.115545802044054824e+01
2.155377871047381788e+01
2.196326923454152791e+01
2.233955494046079693e+01
2.264185943332096329e+01
2.283742333058311758e+01
2.290505424949238389e+01
2.290505424949238389e+01
2.283742333058311758e+01
2.264185943332096329e+01
2.233955494046079693e+01
2.196326923454153146e+01
2.155377871047381788e+01
2.115545802044054824e+01
2.081147139178913363e+01
2.055909511323644523e+01
2.042567807058510709e+01
2.042567807058510709e+01
2.055909511323644523e+01
2.081147139178913363e+01
2.115545802044054824e+01
2.155377871047381788e+01
2.196326923454153146e+01
2.233955494046079693e+01
2.264185943332096329e+01
2.283742333058311758e+01
2.290505424949238389e+01
2.290505424949238389e+01
2.283742333058311758e+01
2.264185943332096329e+01
2.233955494046079693e+01
2.196326923454153146e+01
2.155377871047382143e+01
2.115545802044054824e+01
2.081147139178913363e+01
2.055909511323644523e+01
2.042567807058510709e+01
2.042567807058510709e+01
2.055909511323644523e+01
2.081147139178913363e+01
2.115545802044054824e+01
2.155377871047381788e+01
2.196326923454153146e+01
2.233955494046079693e+01
2.264185943332096329e+01
2.283742333058311758e+01
2.290505424949238389e+01
2.290505424949238389e+01
2.283742333058311758e+01
2.264185943332096329e+01
2.233955494046079693e+01
2.196326923454153146e+01
2.155377871047382143e+01
2.115545802044054824e+01
2.081147139178913363e+01
2.055909511323644523e+01
2.042567807058510709e+01
2.042567807058510709e+01
2.055909511323644523e+01
2.081147139178913363e+01
2.115545802044054824e+01
2.155377871047381788e+01
2.196326923454153146e+01
2.233955494046079693e+01
2.264185943332096329e+01
2.283742333058311758e+01
2.290505424949238389e+01
2.290505424949238389e+01
2.283742333058311758e+01
2.264185943332096329e+01
2.233955494046079693e+01
2.196326923454153146e+01
2.155377871047382143e+01
2.115545802044054824e+01
2.081147139178913719e+01
2.055909511323644523e+01
2.042567807058510709e+01
2.042567807058510709e+01
2.055909511323644523e+01
2.081147139178913363e+01
2.115545802044054824e+01
2.155377871047382143e+01
2.196326923454153146e+01
2.233955494046079693e+01
2.264185943332096329e+01
2.283742333058311758e+01
2.290505424949238389e+01
2.965685424949238680e+01
2.969463385178149650e+01
2.980387865252987467e+01
2.997275028246869510e+01
3.018294888018076705e+01
3.041169616603669823e+01
3.063420382223414862e+01
3.082635969166210899e+01
3.096734070426254348e+01
3.104186937977438987e+01
3.133959855080030721e+01
3.126506987528845727e+01
3.112408886268802632e+01
3.093193299326006596e+01
3.070942533706261202e+01
3.048067805120668439e+01
3.027047945349460889e+01
3.010160782355578846e+01
2.999236302280741029e+01
2.995458342051830058e+01
3.025231259154421437e+01
3.029009219383332763e+01
3.039933699458170224e+01
3.056820862452052268e+01
3.077840722223259817e+01
3.100715450808852935e+01
3.122966216428597974e+01
3.142181803371394011e+01
3.156279904631437461e+01
3.163732772182622099e+01
3.193505689285213478e+01
3.186052821734028839e+01
3.171954720473985390e+01
3.152739133531189353e+01
3.130488367911444314e+01
3.107613639325851196e+01
3.086593779554644001e+01
3.069706616560761958e+01
3.058782136485924141e+01
3.055004176257013171e+01
3.084777093359604550e+01
3.088555053588515520e+01
3.099479533663353337e+01
3.116366696657235380e+01
3.137386556428442930e+01
3.160261285014035693e+01
3.182512050633780731e+01
3.201727637576577479e+01
3.215825738836620218e+01
3.223278606387805212e+01
3.253051523490396590e+01
3.245598655939211596e+01
3.231500554679168857e+01
3.212284967736372465e+01
3.190034202116627426e+01
3.167159473531034308e+01
3.146139613759826759e+01
3.129252450765944715e+01
3.118327970691106898e+01
3.114550010462195928e+01
3.144322927564787307e+01
3.148100887793698632e+01
3.159025367868536094e+01
3.175912530862418492e+01
3.196932390633625687e+01
3.219807119219218805e+01
3.242057884838963844e+01
3.261273471781760236e+01
3.275371573041802975e+01
3.282824440592987969e+01
3.312597357695579348e+01
3.305144490144395064e+01
3.291046388884351614e+01
3.271830801941555222e+01
3.249580036321810184e+01
3.226705307736217065e+01
3.205685447965009871e+01
3.188798284971127828e+01
3.177873804896290011e+01
3.174095844667379041e+01
3.203868761769970774e+01
3.207646721998881389e+01
3.218571202073719206e+01
3.235458365067601250e+01
3.256478224838809155e+01
3.279352953424401562e+01
3.301603719044146601e+01
3.320819305986942993e+01
3.334917407246986443e+01
3.342370274798170726e+01
3.372143191900762105e+01
3.364690324349577821e+01
3.350592223089534372e+01
3.331376636146737980e+01
3.309125870526992941e+01
3.286251141941400533e+01
3.265231282170192628e+01
3.248344119176310585e+01
3.237419639101473479e+01
3.233641678872562153e+01
3.263414595975153532e+01
3.267192556204064857e+01
3.278117036278901963e+01
3.295004199272784007e+01
3.316024059043991912e+01
3.338898787629584319e+01
3.361149553249329358e+01
3.380365140192125750e+01
3.394463241452169200e+01
3.401916109003354194e+01
3.431689026105945572e+01
3.424236158554760578e+01
3.410138057294717129e+01
3.390922470351921447e+01
3.368671704732176408e+01
3.345796976146583290e+01
3.324777116375376096e+01
3.307889953381493342e+01
3.296965473306656236e+01
3.293187513077744910e+01
3.322960430180336289e+01
3.326738390409247614e+01
3.337662870484085431e+01
3.354550033477967474e+01
3.375569893249174669e+01
3.398444621834767787e+01
3.420695387454512826e+01
3.439910974397308507e+01
3.454009075657351957e+01
3.461461943208536951e+01
3.491234860311128330e+01
3.483781992759943336e+01
3.469683891499900597e+01
3.450468304557104204e+01
3.428217538937359166e+01
3.405342810351766047e+01
3.384322950580558853e+01
3.367435787586676810e+01
3.356511307511838993e+01
3.352733347282927667e+01
3.382506264385519046e+01
3.386284224614430372e+01
3.397208704689268188e+01
3.414095867683150232e+01
3.435115727454357426e+01
3.457990456039950544e+01
3.480241221659695583e+01
3.499456808602491975e+01
3.513554909862534714e+01
3.521007777413719708e+01
3.550780694516311087e+01
3.543327826965126803e+01
3.529229725705083354e+01
3.510014138762286962e+01
3.487763373142541923e+01
3.464888644556948805e+01
3.443868784785741610e+01
3.426981621791859567e+01
3.416057141717021750e+01
3.412279181488111135e+01
3.442052098590702514e+01
3.445830058819613129e+01
3.456754538894450945e+01
3.473641701888332989e+01
3.494661561659540894e+01
3.517536290245133301e+01
3.539787055864878340e+01
3.559002642807674732e+01
3.573100744067718182e+01
3.580553611618902465e+01
3.610326528721493844e+01
3.602873661170309560e+01
3.588775559910266111e+01
3.569559972967469719e+01
3.547309207347724680e+01
3.524434478762132272e+01
3.503414618990924367e+01
3.486527455997042324e+01
3.475602975922204507e+01
3.471825015693293892e+01
3.501597932795885271e+01
3.505375893024796596e+01
3.516300373099633703e+01
3.533187536093515746e+01
3.554207395864723651e+01
3.577082124450316769e+01
3.599332890070061808e+01
3.618548477012857489e+01
3.632646578272900939e+01
3.640099445824085933e+01
3.669872362926677312e+01
3.662419495375492318e+01
3.648321394115448868e+01
3.629105807172653186e+01
3.606855041552908148e+01
3.583980312967315029e+01
3.562960453196107835e+01
3.546073290202225792e+01
3.535148810127387975e+01
3.531370849898476649e+01
3.105137913065012256e+01
3.101359952836101286e+01
3.090435472761263469e+01
3.073548309767381426e+01
3.052528449996174231e+01
3.029653721410581113e+01
3.007402955790836074e+01
2.988187368848040038e+01
2.974089267587996588e+01
2.966636400036811949e+01
2.996409317139403328e+01
3.003862184690587966e+01
3.017960285950631416e+01
3.037175872893427453e+01
3.059426638513172492e+01
3.082301367098765610e+01
3.103321226869972804e+01
3.120208389863855203e+01
3.131132869938692664e+01
3.134910830167603990e+01
3.164683747270195369e+01
3.160905787041284398e+01
3.149981306966446581e+01
3.133094143972564538e+01
3.112074284201356988e+01
3.089199555615763870e+01
3.066948789996018832e+01
3.047733203053222795e+01
3.033635101793179345e+01
3.026182234241994706e+01
3.055955151344586440e+01
3.063408018895771079e+01
3.077506120155814173e+01
3.096721707098610565e+01
3.118972472718355604e+01
3.141847201303948367e+01
3.162867061075155917e+01
3.179754224069037960e+01
3.190678704143875777e+01
3.194456664372786747e+01
3.224229581475378126e+01
3.220451621246467511e+01
3.209527141171629694e+01
3.192639978177747295e+01
3.171620118406540101e+01
3.148745389820946983e+01
3.126494624201201944e+01
3.107279037258405907e+01
3.093180935998362457e+01
3.085728068447177819e+01
3.115500985549769197e+01
3.122953853100953836e+01
3.137051954360997286e+01
3.156267541303793323e+01
3.178518306923538361e+01
3.201393035509131835e+01
3.222412895280339029e+01
3.239300058274221072e+01
3.250224538349058889e+01
3.254002498577970215e+01
3.283775415680560883e+01
3.279997455451650268e+01
3.269072975376812451e+01
3.252185812382930408e+01
3.231165952611723213e+01
3.208291224026130095e+01
3.186040458406385056e+01
3.166824871463588664e+01
3.152726770203545570e+01
3.145273902652360576e+01
3.175046819754952310e+01
3.182499687306136948e+01
3.196597788566180043e+01
3.215813375508976435e+01
3.238064141128721474e+01
3.260938869714314592e+01
3.281958729485521786e+01
3.298845892479403830e+01
3.309770372554241646e+01
3.313548332783152972e+01
3.343321249885744351e+01
3.339543289656833025e+01
3.328618809581995208e+01
3.311731646588113165e+01
3.290711786816905970e+01
3.267837058231312852e+01
3.245586292611567814e+01
3.226370705668772132e+01
3.212272604408728682e+01
3.204819736857543688e+01
3.234592653960135067e+01
3.242045521511320061e+01
3.256143622771363511e+01
3.275359209714159192e+01
3.297609975333904231e+01
3.320484703919497349e+01
3.341504563690704543e+01
3.358391726684586587e+01
3.369316206759424404e+01
3.373094166988335729e+01
3.402867084090927108e+01
3.399089123862015782e+01
3.388164643787178676e+01
3.371277480793296633e+01
3.350257621022088728e+01
3.327382892436495609e+01
3.305132126816750571e+01
3.285916539873954889e+01
3.271818438613911439e+01
3.264365571062727156e+01
3.294138488165317824e+01
3.301591355716502818e+01
3.315689456976546268e+01
3.334905043919341949e+01
3.357155809539086988e+01
3.380030538124680106e+01
3.401050397895888011e+01
3.417937560889770054e+01
3.428862040964607871e+01
3.432640001193518486e+01
3.462412918296109865e+01
3.458634958067199250e+01
3.447710477992361433e+01
3.430823314998479390e+01
3.409803455227272195e+01
3.386928726641679077e+01
3.364677961021934038e+01
3.345462374079137646e+01
3.331364272819094197e+01
3.323911405267909913e+01
3.353684322370501292e+01
3.361137189921685575e+01
3.375235291181729025e+01
3.394450878124525417e+01
3.416701643744270456e+01
3.439576372329862863e+01
3.460596232101070768e+01
3.477483395094952812e+01
3.488407875169790628e+01
3.492185835398701244e+01
3.521958752501293333e+01
3.518180792272382007e+01
3.507256312197544190e+01
3.490369149203662147e+01
3.469349289432454952e+01
3.446474560846861834e+01
3.424223795227116796e+01
3.405008208284320403e+01
3.390910107024276954e+01
3.383457239473092670e+01
3.413230156575684049e+01
3.420683024126869043e+01
3.434781125386911782e+01
3.453996712329708174e+01
3.476247477949453213e+01
3.499122206535046331e+01
3.520142066306253525e+01
3.537029229300135569e+01
3.547953709374973386e+01
3.551731669603884711e+01
3.581504586706476090e+01
3.577726626477564764e+01
3.566802146402726947e+01
3.549914983408844904e+01
3.528895123637637710e+01
3.506020395052044591e+01
3.483769629432299553e+01
3.464554042489503161e+01
3.450455941229460421e+01
3.443003073678275427e+01
3.472775990780866806e+01
3.480228858332051800e+01
3.494326959592095250e+01
3.513542546534890931e+01
3.535793312154635970e+01
3.558668040740229088e+01
3.579687900511436283e+01
3.596575063505318326e+01
3.607499543580156143e+01
3.611277503809067468e+01
3.641050420911658847e+01
3.637272460682748232e+01
3.626347980607910415e+01
3.609460817614028372e+01
3.588440957842820467e+01
3.565566229257227349e+01
3.543315463637482310e+01
3.524099876694686628e+01
3.510001775434643179e+01
3.502548907883458185e+01
3.532321824986050274e+01
3.539774692537234557e+01
3.553872793797278007e+01
3.573088380740074399e+01
3.595339146359819438e+01
3.618213874945412556e+01
3.639233734716619750e+01
3.656120897710501794e+01
3.667045377785339610e+01
3.670823338014250226e+01
2.305137913065011901e+01
2.301359952836100931e+01
2.290435472761263114e+01
2.273548309767381070e+01
2.252528449996173876e+01
2.229653721410580758e+01
2.207402955790835719e+01
2.188187368848039682e+01
2.174089267587996233e+01
2.166636400036811594e+01
2.196409317139402972e+01
2.203862184690587611e+01
2.217960285950631061e+01
2.237175872893427098e+01
2.259426638513172136e+01
2.282301367098765255e+01
2.303321226869972449e+01
2.320208389863854848e+01
2.331132869938692309e+01
2.334910830167603280e+01
2.364683747270195013e+01
2.360905787041284043e+01
2.349981306966446226e+01
2.333094143972564183e+01
2.312074284201356633e+01
2.289199555615763870e+01
2.266948789996018476e+01
2.247733203053222439e+01
2.233635101793179345e+01
2.226182234241994351e+01
2.255955151344586085e+01
2.263408018895770724e+01
2.277506120155813818e+01
2.296721707098610210e+01
2.318972472718355249e+01
2.341847201303948012e+01
2.362867061075155561e+01
2.379754224069037605e+01
2.390678704143875422e+01
2.394456664372786392e+01
2.424229581475377771e+01
2.420451621246466800e+01
2.409527141171628983e+01
2.392639978177746940e+01
2.371620118406539746e+01
2.348745389820946627e+01
2.326494624201201589e+01
2.307279037258405552e+01
2.293180935998362102e+01
2.285728068447177463e+01
2.315500985549768842e+01
2.322953853100953481e+01
2.337051954360996930e+01
2.356267541303792967e+01
2.378518306923538006e+01
2.401393035509131124e+01
2.422412895280338674e+01
2.439300058274220717e+01
2.450224538349058179e+01
2.454002498577969504e+01
2.483775415680560883e+01
2.479997455451649913e+01
2.469072975376812096e+01
2.452185812382930052e+01
2.431165952611722503e+01
2.408291224026129740e+01
2.386040458406384701e+01
2.366824871463588309e+01
2.352726770203545215e+01
2.345273902652360576e+01
2.375046819754951954e+01
2.382499687306136593e+01
2.396597788566180043e+01
2.415813375508976080e+01
2.438064141128721118e+01
2.460938869714314237e+01
2.481958729485521431e+01
2.498845892479403474e+01
2.509770372554241291e+01
2.513548332783152262e+01
2.543321249885743640e+01
2.539543289656832670e+01
2.528618809581995208e+01
2.511731646588113165e+01
2.490711786816905615e+01
2.467837058231312497e+01
2.445586292611567458e+01
2.426370705668771421e+01
2.412272604408727972e+01
2.404819736857543333e+01
2.434592653960135067e+01
2.442045521511319706e+01
2.456143622771362800e+01
2.475359209714159192e+01
2.497609975333904231e+01
2.520484703919496994e+01
2.541504563690704543e+01
2.558391726684586587e+01
2.569316206759424404e+01
2.573094166988335374e+01
2.602867084090926753e+01
2.599089123862015782e+01
2.588164643787177965e+01
2.571277480793295922e+01
2.550257621022088728e+01
2.527382892436495609e+01
2.505132126816750571e+01
2.485916539873954534e+01
2.471818438613911084e+01
2.464365571062726445e+01
2.494138488165317824e+01
2.501591355716502463e+01
2.515689456976545912e+01
2.534905043919341949e+01
2.557155809539086988e+01
2.580030538124680106e+01
2.601050397895887301e+01
2.617937560889769344e+01
2.628862040964607161e+01
2.632640001193518486e+01
2.662412918296109865e+01
2.658634958067198539e+01
2.647710477992361078e+01
2.630823314998479034e+01
2.609803455227271485e+01
2.586928726641678367e+01
2.564677961021933328e+01
2.545462374079137291e+01
2.531364272819094197e+01
2.523911405267909203e+01
2.553684322370500936e+01
2.561137189921685575e+01
2.575235291181728670e+01
2.594450878124525062e+01
2.616701643744270100e+01
2.639576372329862863e+01
2.660596232101070413e+01
2.677483395094952456e+01
2.688407875169790273e+01
2.692185835398701244e+01
2.721958752501292622e+01
2.718180792272381652e+01
2.707256312197544190e+01
2.690369149203661792e+01
2.669349289432454597e+01
2.646474560846861479e+01
2.624223795227116440e+01
2.605008208284320403e+01
2.590910107024276954e+01
2.583457239473092315e+01
2.613230156575683694e+01
2.620683024126868332e+01
2.634781125386911782e+01
2.653996712329707819e+01
2.676247477949452858e+01
2.699122206535045976e+01
2.720142066306253525e+01
2.737029229300135569e+01
2.747953709374973386e+01
2.751731669603884356e+01
2.781504586706475735e+01
2.777726626477564764e+01
2.766802146402726947e+01
2.749914983408844904e+01
2.728895123637637354e+01
2.706020395052044591e+01
2.683769629432299553e+01
2.664554042489503161e+01
2.650455941229460066e+01
2.643003073678275427e+01
2.672775990780866806e+01
2.680228858332051445e+01
2.694326959592094539e+01
2.713542546534890931e+01
2.735793312154635970e+01
2.758668040740229088e+01
2.779687900511436283e+01
2.796575063505318326e+01
2.807499543580156143e+01
2.811277503809067113e+01
2.841050420911658847e+01
2.837272460682747521e+01
2.826347980607909705e+01
2.809460817614027661e+01
2.788440957842820467e+01
2.765566229257227349e+01
2.743315463637482310e+01
2.724099876694686273e+01
2.710001775434642823e+01
2.702548907883458185e+01
2.732321824986049563e+01
2.739774692537234557e+01
2.753872793797277652e+01
2.773088380740073688e+01
2.795339146359818727e+01
2.818213874945411845e+01
2.839233734716619395e+01
2.856120897710501438e+01
2.867045377785339255e+01
2.870823338014250226e+01
2.165685424949238325e+01
2.161907464720327354e+01
2.150982984645489537e+01
2.134095821651607494e+01
2.113075961880400300e+01
2.090201233294807182e+01
2.067950467675062143e+01
2.048734880732266106e+01
2.034636779472222656e+01
2.027183911921038018e+01
1.997410994818446284e+01
2.004863862369631278e+01
2.018961963629674372e+01
2.038177550572470409e+01
2.060428316192215803e+01
2.083303044777808566e+01
2.104322904549016116e+01
2.121210067542898159e+01
2.132134547617735976e+01
2.135912507846646946e+01
2.106139590744055567e+01
2.102361630515144597e+01
2.091437150440306780e+01
2.074549987446424737e+01
2.053530127675217187e+01
2.030655399089624069e+01
2.008404633469879030e+01
1.989189046527082994e+01
1.975090945267039544e+01
1.967638077715854905e+01
1.937865160613263527e+01
1.945318028164448165e+01
1.959416129424491615e+01
1.978631716367287652e+01
2.000882481987032691e+01
2.023757210572625809e+01
2.044777070343833003e+01
2.061664233337715046e+01
2.072588713412552863e+01
2.076366673641463834e+01
2.046593756538872455e+01
2.042815796309961485e+01
2.031891316235123668e+01
2.015004153241241625e+01
1.993984293470034430e+01
1.971109564884441312e+01
1.948858799264696273e+01
1.929643212321899881e+01
1.915545111061856787e+01
1.908092243510672148e+01
1.878319326408080414e+01
1.885772193959265053e+01
1.899870295219308503e+01
1.919085882162104539e+01
1.941336647781849933e+01
1.964211376367442696e+01
1.985231236138650246e+01
2.002118399132532289e+01
2.013042879207370106e+01
2.016820839436281076e+01
1.987047922333689698e+01
1.983269962104778728e+01
1.972345482029940911e+01
1.955458319036058867e+01
1.934438459264851318e+01
1.911563730679258200e+01
1.889312965059513161e+01
1.870097378116717124e+01
1.855999276856673674e+01
1.848546409305489036e+01
1.818773492202897657e+01
1.826226359754082296e+01
1.840324461014125745e+01
1.859540047956921782e+01
1.881790813576666821e+01
1.904665542162259939e+01
1.925685401933467134e+01
1.942572564927349532e+01
1.953497045002186994e+01
1.957275005231097964e+01
1.927502088128506585e+01
1.923724127899595615e+01
1.912799647824757798e+01
1.895912484830875755e+01
1.874892625059668205e+01
1.852017896474075442e+01
1.829767130854330404e+01
1.810551543911534367e+01
1.796453442651490917e+01
1.789000575100306278e+01
1.759227657997714545e+01
1.766680525548899539e+01
1.780778626808942633e+01
1.799994213751738670e+01
1.822244979371483709e+01
1.845119707957076827e+01
1.866139567728284376e+01
1.883026730722166420e+01
1.893951210797004236e+01
1.897729171025915207e+01
1.867956253923323828e+01
1.864178293694412503e+01
1.853253813619575041e+01
1.836366650625692998e+01
1.815346790854485448e+01
1.792472062268892330e+01
1.770221296649147291e+01
1.751005709706351254e+01
1.736907608446307805e+01
1.729454740895123166e+01
1.699681823792531787e+01
1.707134691343716426e+01
1.721232792603759520e+01
1.740448379546555913e+01
1.762699145166300951e+01
1.785573873751894070e+01
1.806593733523101264e+01
1.823480896516983307e+01
1.834405376591821124e+01
1.838183336820732094e+01
1.808410419718140716e+01
1.804632459489229745e+01
1.793707979414391929e+01
1.776820816420509885e+01
1.755800956649302691e+01
1.732926228063709573e+01
1.710675462443964534e+01
1.691459875501168142e+01
1.677361774241125048e+01
1.669908906689940409e+01
1.640135989587349030e+01
1.647588857138533314e+01
1.661686958398576763e+01
1.680902545341373155e+01
1.703153310961118194e+01
1.726028039546710957e+01
1.747047899317918507e+01
1.763935062311800550e+01
1.774859542386638367e+01
1.778637502615549337e+01
1.748864585512957959e+01
1.745086625284046633e+01
1.734162145209209172e+01
1.717274982215327128e+01
1.696255122444119579e+01
1.673380393858526460e+01
1.651129628238781422e+01
1.631914041295985385e+01
1.617815940035941935e+01
1.610363072484757296e+01
1.580590155382165918e+01
1.588043022933350557e+01
1.602141124193394006e+01
1.621356711136190043e+01
1.643607476755935082e+01
1.666482205341527845e+01
1.687502065112735394e+01
1.704389228106617438e+01
1.715313708181455254e+01
1.719091668410366225e+01
1.689318751307774846e+01
1.685540791078863876e+01
1.674616311004026059e+01
1.657729148010144016e+01
1.636709288238936466e+01
1.613834559653343703e+01
1.591583794033598664e+01
1.572368207090802628e+01
1.558270105830759178e+01
1.550817238279574184e+01
1.521044321176982983e+01
1.528497188728167622e+01
1.542595289988210894e+01
1.561810876931006931e+01
1.584061642550751969e+01
1.606936371136345088e+01
1.627956230907552637e+01
1.644843393901434681e+01
1.655767873976272497e+01
1.659545834205183468e+01
1.629772917102592089e+01
1.625994956873680763e+01
1.615070476798843302e+01
1.598183313804960903e+01
1.577163454033753709e+01
1.554288725448160591e+01
1.532037959828415552e+01
1.512822372885619515e+01
1.498724271625576066e+01
1.491271404074391427e+01
1.461498486971800048e+01
1.468951354522984687e+01
1.483049455783027959e+01
1.502265042725824173e+01
1.524515808345569212e+01
1.547390536931162330e+01
1.568410396702369525e+01
1.585297559696251568e+01
1.596222039771089385e+01
1.600000000000000355e+01
