0.000000000000000000e+00
0.000000000000000000e+00
0.000000000000000000e+00
0.000000000000000000e+00
0.000000000000000000e+00
0.000000000000000000e+00
0.000000000000000000e+00
0.000000000000000000e+00
0.000000000000000000e+00
0.000000000000000000e+00
0.000000000000000000e+00
0.000000000000000000e+00
6.493989384093670214e-01
1.228425425379335412e+00
1.674332956525057092e+00
1.938800531878661193e+00
1.993168986013339694e+00
1.831546653310115014e+00
1.471447821346263618e+00
9.518947860741473477e-01
3.291891805614680644e-01
-3.291891805614676203e-01
-9.518947860741469036e-01
-1.471447821346262730e+00
-1.831546653310114126e+00
-1.993168986013339250e+00
-1.938800531878661415e+00
-1.674332956525057536e+00
-1.228425425379335856e+00
-6.493989384093675765e-01
-4.898587196589412829e-16
0.000000000000000000e+00
6.493989384093670214e-01
1.228425425379335412e+00
1.674332956525057092e+00
1.938800531878661193e+00
1.993168986013339694e+00
1.831546653310115014e+00
1.471447821346263618e+00
9.518947860741473477e-01
3.291891805614680644e-01
-3.291891805614676203e-01
-9.518947860741469036e-01
-1.471447821346262730e+00
-1.831546653310114126e+00
-1.993168986013339250e+00
-1.938800531878661415e+00
-1.674332956525057536e+00
-1.228425425379335856e+00
-6.493989384093675765e-01
-4.898587196589412829e-16
0.000000000000000000e+00
6.493989384093670214e-01
1.228425425379335412e+00
1.674332956525057092e+00
1.938800531878661193e+00
1.993168986013339694e+00
1.831546653310115014e+00
1.471447821346263618e+00
9.518947860741473477e-01
3.291891805614680644e-01
-3.291891805614676203e-01
-9.518947860741469036e-01
-1.471447821346262730e+00
-1.831546653310114126e+00
-1.993168986013339250e+00
-1.938800531878661415e+00
-1.674332956525057536e+00
-1.228425425379335856e+00
-6.493989384093675765e-01
-4.898587196589412829e-16
0.000000000000000000e+00
6.493989384093670214e-01
1.228425425379335412e+00
1.674332956525057092e+00
1.938800531878661193e+00
1.993168986013339694e+00
1.831546653310115014e+00
1.471447821346263618e+00
9.518947860741473477e-01
3.291891805614680644e-01
-3.291891805614676203e-01
-9.518947860741469036e-01
-1.471447821346262730e+00
-1.831546653310114126e+00
-1.993168986013339250e+00
-1.938800531878661415e+00
-1.674332956525057536e+00
-1.228425425379335856e+00
-6.493989384093675765e-01
-4.898587196589412829e-16
0.000000000000000000e+00
6.493989384093670214e-01
1.228425425379335412e+00
1.674332956525057092e+00
1.938800531878661193e+00
1.993168986013339694e+00
1.831546653310115014e+00
1.471447821346263618e+00
9.518947860741473477e-01
3.291891805614680644e-01
-3.291891805614676203e-01
-9.518947860741469036e-01
-1.471447821346262730e+00
-1.831546653310114126e+00
-1.993168986013339250e+00
-1.938800531878661415e+00
-1.674332956525057536e+00
-1.228425425379335856e+00
-6.493989384093675765e-01
-4.898587196589412829e-16
0.000000000000000000e+00
6.493989384093670214e-01
1.228425425379335412e+00
1.674332956525057092e+00
1.938800531878661193e+00
1.993168986013339694e+00
1.831546653310115014e+00
1.471447821346263618e+00
9.518947860741473477e-01
3.291891805614680644e-01
-3.291891805614676203e-01
-9.518947860741469036e-01
-1.471447821346262730e+00
-1.831546653310114126e+00
-1.993168986013339250e+00
-1.938800531878661415e+00
-1.674332956525057536e+00
-1.228425425379335856e+00
-6.493989384093675765e-01
-4.898587196589412829e-16
0.000000000000000000e+00
6.493989384093670214e-01
1.228425425379335412e+00
1.674332956525057092e+00
1.938800531878661193e+00
1.993168986013339694e+00
1.831546653310115014e+00
1.471447821346263618e+00
9.518947860741473477e-01
3.291891805614680644e-01
-3.291891805614676203e-01
-9.518947860741469036e-01
-1.471447821346262730e+00
-1.831546653310114126e+00
-1.993168986013339250e+00
-1.938800531878661415e+00
-1.674332956525057536e+00
-1.228425425379335856e+00
-6.493989384093675765e-01
-4.898587196589412829e-16
0.000000000000000000e+00
6.493989384093670214e-01
1.228425425379335412e+00
1.674332956525057092e+00
1.938800531878661193e+00
1.993168986013339694e+00
1.831546653310115014e+00
1.471447821346263618e+00
9.518947860741473477e-01
3.291891805614680644e-01
-3.291891805614676203e-01
-9.518947860741469036e-01
-1.471447821346262730e+00
-1.831546653310114126e+00
-1.993168986013339250e+00
-1.938800531878661415e+00
-1.674332956525057536e+00
-1.228425425379335856e+00
-6.493989384093675765e-01
-4.898587196589412829e-16
0.000000000000000000e+00
6.493989384093670214e-01
1.228425425379335412e+00
1.674332956525057092e+00
1.938800531878661193e+00
1.993168986013339694e+00
1.831546653310115014e+00
1.471447821346263618e+00
9.518947860741473477e-01
3.291891805614680644e-01
-3.291891805614676203e-01
-9.518947860741469036e-01
-1.471447821346262730e+00
-1.831546653310114126e+00
-1.993168986013339250e+00
-1.938800531878661415e+00
-1.674332956525057536e+00
-1.228425425379335856e+00
-6.493989384093675765e-01
-4.898587196589412829e-16
0.000000000000000000e+00
6.493989384093670214e-01
1.228425425379335412e+00
1.674332956525057092e+00
1.938800531878661193e+00
1.993168986013339694e+00
1.831546653310115014e+00
1.471447821346263618e+00
9.518947860741473477e-01
3.291891805614680644e-01
-3.291891805614676203e-01
-9.518947860741469036e-01
-1.471447821346262730e+00
-1.831546653310114126e+00
-1.993168986013339250e+00
-1.938800531878661415e+00
-1.674332956525057536e+00
-1.228425425379335856e+00
-6.493989384093675765e-01
-4.898587196589412829e-16
0.000000000000000000e+00
5.130251613433999269e-01
9.704560860496750374e-01
1.322723035654795209e+00
1.531652420184142382e+00
1.574603498950538416e+00
1.446921856114991023e+00
1.162443778863548216e+00
7.519968809985764224e-01
2.600594526435597853e-01
-2.600594526435594522e-01
-7.519968809985760894e-01
-1.162443778863547550e+00
-1.446921856114990135e+00
-1.574603498950537972e+00
-1.531652420184142604e+00
-1.322723035654795432e+00
-9.704560860496753705e-01
-5.130251613434003710e-01
-3.869883885305636440e-16
0.000000000000000000e+00
5.130251613433999269e-01
9.704560860496750374e-01
1.322723035654795209e+00
1.531652420184142382e+00
1.574603498950538416e+00
1.446921856114991023e+00
1.162443778863548216e+00
7.519968809985764224e-01
2.600594526435597853e-01
-2.600594526435594522e-01
-7.519968809985760894e-01
-1.162443778863547550e+00
-1.446921856114990135e+00
-1.574603498950537972e+00
-1.531652420184142604e+00
-1.322723035654795432e+00
-9.704560860496753705e-01
-5.130251613434003710e-01
-3.869883885305636440e-16
0.000000000000000000e+00
5.130251613433999269e-01
9.704560860496750374e-01
1.322723035654795209e+00
1.531652420184142382e+00
1.574603498950538416e+00
1.446921856114991023e+00
1.162443778863548216e+00
7.519968809985764224e-01
2.600594526435597853e-01
-2.600594526435594522e-01
-7.519968809985760894e-01
-1.162443778863547550e+00
-1.446921856114990135e+00
-1.574603498950537972e+00
-1.531652420184142604e+00
-1.322723035654795432e+00
-9.704560860496753705e-01
-5.130251613434003710e-01
-3.869883885305636440e-16
0.000000000000000000e+00
5.130251613433999269e-01
9.704560860496750374e-01
1.322723035654795209e+00
1.531652420184142382e+00
1.574603498950538416e+00
1.446921856114991023e+00
1.162443778863548216e+00
7.519968809985764224e-01
2.600594526435597853e-01
-2.600594526435594522e-01
-7.519968809985760894e-01
-1.162443778863547550e+00
-1.446921856114990135e+00
-1.574603498950537972e+00
-1.531652420184142604e+00
-1.322723035654795432e+00
-9.704560860496753705e-01
-5.130251613434003710e-01
-3.869883885305636440e-16
0.000000000000000000e+00
5.130251613433999269e-01
9.704560860496750374e-01
1.322723035654795209e+00
1.531652420184142382e+00
1.574603498950538416e+00
1.446921856114991023e+00
1.162443778863548216e+00
7.519968809985764224e-01
2.600594526435597853e-01
-2.600594526435594522e-01
-7.519968809985760894e-01
-1.162443778863547550e+00
-1.446921856114990135e+00
-1.574603498950537972e+00
-1.531652420184142604e+00
-1.322723035654795432e+00
-9.704560860496753705e-01
-5.130251613434003710e-01
-3.869883885305636440e-16
0.000000000000000000e+00
5.130251613433999269e-01
9.704560860496750374e-01
1.322723035654795209e+00
1.531652420184142382e+00
1.574603498950538416e+00
1.446921856114991023e+00
1.162443778863548216e+00
7.519968809985764224e-01
2.600594526435597853e-01
-2.600594526435594522e-01
-7.519968809985760894e-01
-1.162443778863547550e+00
-1.446921856114990135e+00
-1.574603498950537972e+00
-1.531652420184142604e+00
-1.322723035654795432e+00
-9.704560860496753705e-01
-5.130251613434003710e-01
-3.869883885305636440e-16
0.000000000000000000e+00
5.130251613433999269e-01
9.704560860496750374e-01
1.322723035654795209e+00
1.531652420184142382e+00
1.574603498950538416e+00
1.446921856114991023e+00
1.162443778863548216e+00
7.519968809985764224e-01
2.600594526435597853e-01
-2.600594526435594522e-01
-7.519968809985760894e-01
-1.162443778863547550e+00
-1.446921856114990135e+00
-1.574603498950537972e+00
-1.531652420184142604e+00
-1.322723035654795432e+00
-9.704560860496753705e-01
-5.130251613434003710e-01
-3.869883885305636440e-16
0.000000000000000000e+00
5.130251613433999269e-01
9.704560860496750374e-01
1.322723035654795209e+00
1.531652420184142382e+00
1.574603498950538416e+00
1.446921856114991023e+00
1.162443778863548216e+00
7.519968809985764224e-01
2.600594526435597853e-01
-2.600594526435594522e-01
-7.519968809985760894e-01
-1.162443778863547550e+00
-1.446921856114990135e+00
-1.574603498950537972e+00
-1.531652420184142604e+00
-1.322723035654795432e+00
-9.704560860496753705e-01
-5.130251613434003710e-01
-3.869883885305636440e-16
0.000000000000000000e+00
5.130251613433999269e-01
9.704560860496750374e-01
1.322723035654795209e+00
1.531652420184142382e+00
1.574603498950538416e+00
1.446921856114991023e+00
1.162443778863548216e+00
7.519968809985764224e-01
2.600594526435597853e-01
-2.600594526435594522e-01
-7.519968809985760894e-01
-1.162443778863547550e+00
-1.446921856114990135e+00
-1.574603498950537972e+00
-1.531652420184142604e+00
-1.322723035654795432e+00
-9.704560860496753705e-01
-5.130251613434003710e-01
-3.869883885305636440e-16
0.000000000000000000e+00
5.130251613433999269e-01
9.704560860496750374e-01
1.322723035654795209e+00
1.531652420184142382e+00
1.574603498950538416e+00
1.446921856114991023e+00
1.162443778863548216e+00
7.519968809985764224e-01
2.600594526435597853e-01
-2.600594526435594522e-01
-7.519968809985760894e-01
-1.162443778863547550e+00
-1.446921856114990135e+00
-1.574603498950537972e+00
-1.531652420184142604e+00
-1.322723035654795432e+00
-9.704560860496753705e-01
-5.130251613434003710e-01
-3.869883885305636440e-16
0.000000000000000000e+00
5.130251613433999269e-01
9.704560860496750374e-01
1.322723035654795209e+00
1.531652420184142382e+00
1.574603498950538416e+00
1.446921856114991023e+00
1.162443778863548216e+00
7.519968809985764224e-01
2.600594526435597853e-01
-2.600594526435594522e-01
-7.519968809985760894e-01
-1.162443778863547550e+00
-1.446921856114990135e+00
-1.574603498950537972e+00
-1.531652420184142604e+00
-1.322723035654795432e+00
-9.704560860496753705e-01
-5.130251613434003710e-01
-3.869883885305636440e-16
0.000000000000000000e+00
5.130251613433999269e-01
9.704560860496750374e-01
1.322723035654795209e+00
1.531652420184142382e+00
1.574603498950538416e+00
1.446921856114991023e+00
1.162443778863548216e+00
7.519968809985764224e-01
2.600594526435597853e-01
-2.600594526435594522e-01
-7.519968809985760894e-01
-1.162443778863547550e+00
-1.446921856114990135e+00
-1.574603498950537972e+00
-1.531652420184142604e+00
-1.322723035654795432e+00
-9.704560860496753705e-01
-5.130251613434003710e-01
-3.869883885305636440e-16
0.000000000000000000e+00
5.130251613433999269e-01
9.704560860496750374e-01
1.322723035654795209e+00
1.531652420184142382e+00
1.574603498950538416e+00
1.446921856114991023e+00
1.162443778863548216e+00
7.519968809985764224e-01
2.600594526435597853e-01
-2.600594526435594522e-01
-7.519968809985760894e-01
-1.162443778863547550e+00
-1.446921856114990135e+00
-1.574603498950537972e+00
-1.531652420184142604e+00
-1.322723035654795432e+00
-9.704560860496753705e-01
-5.130251613434003710e-01
-3.869883885305636440e-16
0.000000000000000000e+00
5.130251613433999269e-01
9.704560860496750374e-01
1.322723035654795209e+00
1.531652420184142382e+00
1.574603498950538416e+00
1.446921856114991023e+00
1.162443778863548216e+00
7.519968809985764224e-01
2.600594526435597853e-01
-2.600594526435594522e-01
-7.519968809985760894e-01
-1.162443778863547550e+00
-1.446921856114990135e+00
-1.574603498950537972e+00
-1.531652420184142604e+00
-1.322723035654795432e+00
-9.704560860496753705e-01
-5.130251613434003710e-01
-3.869883885305636440e-16
0.000000000000000000e+00
5.130251613433999269e-01
9.704560860496750374e-01
1.322723035654795209e+00
1.531652420184142382e+00
1.574603498950538416e+00
1.446921856114991023e+00
1.162443778863548216e+00
7.519968809985764224e-01
2.600594526435597853e-01
-2.600594526435594522e-01
-7.519968809985760894e-01
-1.162443778863547550e+00
-1.446921856114990135e+00
-1.574603498950537972e+00
-1.531652420184142604e+00
-1.322723035654795432e+00
-9.704560860496753705e-01
-5.130251613434003710e-01
-3.869883885305636440e-16
0.000000000000000000e+00
5.130251613433999269e-01
9.704560860496750374e-01
1.322723035654795209e+00
1.531652420184142382e+00
1.574603498950538416e+00
1.446921856114991023e+00
1.162443778863548216e+00
7.519968809985764224e-01
2.600594526435597853e-01
-2.600594526435594522e-01
-7.519968809985760894e-01
-1.162443778863547550e+00
-1.446921856114990135e+00
-1.574603498950537972e+00
-1.531652420184142604e+00
-1.322723035654795432e+00
-9.704560860496753705e-01
-5.130251613434003710e-01
-3.869883885305636440e-16
0.000000000000000000e+00
5.130251613433999269e-01
9.704560860496750374e-01
1.322723035654795209e+00
1.531652420184142382e+00
1.574603498950538416e+00
1.446921856114991023e+00
1.162443778863548216e+00
7.519968809985764224e-01
2.600594526435597853e-01
-2.600594526435594522e-01
-7.519968809985760894e-01
-1.162443778863547550e+00
-1.446921856114990135e+00
-1.574603498950537972e+00
-1.531652420184142604e+00
-1.322723035654795432e+00
-9.704560860496753705e-01
-5.130251613434003710e-01
-3.869883885305636440e-16
0.000000000000000000e+00
5.130251613433999269e-01
9.704560860496750374e-01
1.322723035654795209e+00
1.531652420184142382e+00
1.574603498950538416e+00
1.446921856114991023e+00
1.162443778863548216e+00
7.519968809985764224e-01
2.600594526435597853e-01
-2.600594526435594522e-01
-7.519968809985760894e-01
-1.162443778863547550e+00
-1.446921856114990135e+00
-1.574603498950537972e+00
-1.531652420184142604e+00
-1.322723035654795432e+00
-9.704560860496753705e-01
-5.130251613434003710e-01
-3.869883885305636440e-16
0.000000000000000000e+00
5.130251613433999269e-01
9.704560860496750374e-01
1.322723035654795209e+00
1.531652420184142382e+00
1.574603498950538416e+00
1.446921856114991023e+00
1.162443778863548216e+00
7.519968809985764224e-01
2.600594526435597853e-01
-2.600594526435594522e-01
-7.519968809985760894e-01
-1.162443778863547550e+00
-1.446921856114990135e+00
-1.574603498950537972e+00
-1.531652420184142604e+00
-1.322723035654795432e+00
-9.704560860496753705e-01
-5.130251613434003710e-01
-3.869883885305636440e-16
0.000000000000000000e+00
5.130251613433999269e-01
9.704560860496750374e-01
1.322723035654795209e+00
1.531652420184142382e+00
1.574603498950538416e+00
1.446921856114991023e+00
1.162443778863548216e+00
7.519968809985764224e-01
2.600594526435597853e-01
-2.600594526435594522e-01
-7.519968809985760894e-01
-1.162443778863547550e+00
-1.446921856114990135e+00
-1.574603498950537972e+00
-1.531652420184142604e+00
-1.322723035654795432e+00
-9.704560860496753705e-01
-5.130251613434003710e-01
-3.869883885305636440e-16
0.000000000000000000e+00
4.052898774612860300e-01
7.666603079792433384e-01
1.044951198167288320e+00
1.210005411945472620e+00
1.243936764170925580e+00
1.143068266330842908e+00
9.183305853022032395e-01
5.940775359888754714e-01
2.054469675884122437e-01
-2.054469675884119662e-01
-5.940775359888751384e-01
-9.183305853022026843e-01
-1.143068266330842464e+00
-1.243936764170925136e+00
-1.210005411945472842e+00
-1.044951198167288542e+00
-7.666603079792436715e-01
-4.052898774612863630e-01
-3.057208269391453025e-16
0.000000000000000000e+00
4.052898774612860300e-01
7.666603079792433384e-01
1.044951198167288320e+00
1.210005411945472620e+00
1.243936764170925580e+00
1.143068266330842908e+00
9.183305853022032395e-01
5.940775359888754714e-01
2.054469675884122437e-01
-2.054469675884119662e-01
-5.940775359888751384e-01
-9.183305853022026843e-01
-1.143068266330842464e+00
-1.243936764170925136e+00
-1.210005411945472842e+00
-1.044951198167288542e+00
-7.666603079792436715e-01
-4.052898774612863630e-01
-3.057208269391453025e-16
0.000000000000000000e+00
4.052898774612860300e-01
7.666603079792433384e-01
1.044951198167288320e+00
1.210005411945472620e+00
1.243936764170925580e+00
1.143068266330842908e+00
9.183305853022032395e-01
5.940775359888754714e-01
2.054469675884122437e-01
-2.054469675884119662e-01
-5.940775359888751384e-01
-9.183305853022026843e-01
-1.143068266330842464e+00
-1.243936764170925136e+00
-1.210005411945472842e+00
-1.044951198167288542e+00
-7.666603079792436715e-01
-4.052898774612863630e-01
-3.057208269391453025e-16
0.000000000000000000e+00
4.052898774612860300e-01
7.666603079792433384e-01
1.044951198167288320e+00
1.210005411945472620e+00
1.243936764170925580e+00
1.143068266330842908e+00
9.183305853022032395e-01
5.940775359888754714e-01
2.054469675884122437e-01
-2.054469675884119662e-01
-5.940775359888751384e-01
-9.183305853022026843e-01
-1.143068266330842464e+00
-1.243936764170925136e+00
-1.210005411945472842e+00
-1.044951198167288542e+00
-7.666603079792436715e-01
-4.052898774612863630e-01
-3.057208269391453025e-16
0.000000000000000000e+00
4.052898774612860300e-01
7.666603079792433384e-01
1.044951198167288320e+00
1.210005411945472620e+00
1.243936764170925580e+00
1.143068266330842908e+00
9.183305853022032395e-01
5.940775359888754714e-01
2.054469675884122437e-01
-2.054469675884119662e-01
-5.940775359888751384e-01
-9.183305853022026843e-01
-1.143068266330842464e+00
-1.243936764170925136e+00
-1.210005411945472842e+00
-1.044951198167288542e+00
-7.666603079792436715e-01
-4.052898774612863630e-01
-3.057208269391453025e-16
0.000000000000000000e+00
4.052898774612860300e-01
7.666603079792433384e-01
1.044951198167288320e+00
1.210005411945472620e+00
1.243936764170925580e+00
1.143068266330842908e+00
9.183305853022032395e-01
5.940775359888754714e-01
2.054469675884122437e-01
-2.054469675884119662e-01
-5.940775359888751384e-01
-9.183305853022026843e-01
-1.143068266330842464e+00
-1.243936764170925136e+00
-1.210005411945472842e+00
-1.044951198167288542e+00
-7.666603079792436715e-01
-4.052898774612863630e-01
-3.057208269391453025e-16
0.000000000000000000e+00
4.052898774612860300e-01
7.666603079792433384e-01
1.044951198167288320e+00
1.210005411945472620e+00
1.243936764170925580e+00
1.143068266330842908e+00
9.183305853022032395e-01
5.940775359888754714e-01
2.054469675884122437e-01
-2.054469675884119662e-01
-5.940775359888751384e-01
-9.183305853022026843e-01
-1.143068266330842464e+00
-1.243936764170925136e+00
-1.210005411945472842e+00
-1.044951198167288542e+00
-7.666603079792436715e-01
-4.052898774612863630e-01
-3.057208269391453025e-16
0.000000000000000000e+00
4.052898774612860300e-01
7.666603079792433384e-01
1.044951198167288320e+00
1.210005411945472620e+00
1.243936764170925580e+00
1.143068266330842908e+00
9.183305853022032395e-01
5.940775359888754714e-01
2.054469675884122437e-01
-2.054469675884119662e-01
-5.940775359888751384e-01
-9.183305853022026843e-01
-1.143068266330842464e+00
-1.243936764170925136e+00
-1.210005411945472842e+00
-1.044951198167288542e+00
-7.666603079792436715e-01
-4.052898774612863630e-01
-3.057208269391453025e-16
0.000000000000000000e+00
4.052898774612860300e-01
7.666603079792433384e-01
1.044951198167288320e+00
1.210005411945472620e+00
1.243936764170925580e+00
1.143068266330842908e+00
9.183305853022032395e-01
5.940775359888754714e-01
2.054469675884122437e-01
-2.054469675884119662e-01
-5.940775359888751384e-01
-9.183305853022026843e-01
-1.143068266330842464e+00
-1.243936764170925136e+00
-1.210005411945472842e+00
-1.044951198167288542e+00
-7.666603079792436715e-01
-4.052898774612863630e-01
-3.057208269391453025e-16
0.000000000000000000e+00
4.052898774612860300e-01
7.666603079792433384e-01
1.044951198167288320e+00
1.210005411945472620e+00
1.243936764170925580e+00
1.143068266330842908e+00
9.183305853022032395e-01
5.940775359888754714e-01
2.054469675884122437e-01
-2.054469675884119662e-01
-5.940775359888751384e-01
-9.183305853022026843e-01
-1.143068266330842464e+00
-1.243936764170925136e+00
-1.210005411945472842e+00
-1.044951198167288542e+00
-7.666603079792436715e-01
-4.052898774612863630e-01
-3.057208269391453025e-16
0.000000000000000000e+00
4.052898774612860300e-01
7.666603079792433384e-01
1.044951198167288320e+00
1.210005411945472620e+00
1.243936764170925580e+00
1.143068266330842908e+00
9.183305853022032395e-01
5.940775359888754714e-01
2.054469675884122437e-01
-2.054469675884119662e-01
-5.940775359888751384e-01
-9.183305853022026843e-01
-1.143068266330842464e+00
-1.243936764170925136e+00
-1.210005411945472842e+00
-1.044951198167288542e+00
-7.666603079792436715e-01
-4.052898774612863630e-01
-3.057208269391453025e-16
0.000000000000000000e+00
4.052898774612860300e-01
7.666603079792433384e-01
1.044951198167288320e+00
1.210005411945472620e+00
1.243936764170925580e+00
1.143068266330842908e+00
9.183305853022032395e-01
5.940775359888754714e-01
2.054469675884122437e-01
-2.054469675884119662e-01
-5.940775359888751384e-01
-9.183305853022026843e-01
-1.143068266330842464e+00
-1.243936764170925136e+00
-1.210005411945472842e+00
-1.044951198167288542e+00
-7.666603079792436715e-01
-4.052898774612863630e-01
-3.057208269391453025e-16
0.000000000000000000e+00
4.052898774612860300e-01
7.666603079792433384e-01
1.044951198167288320e+00
1.210005411945472620e+00
1.243936764170925580e+00
1.143068266330842908e+00
9.183305853022032395e-01
5.940775359888754714e-01
2.054469675884122437e-01
-2.054469675884119662e-01
-5.940775359888751384e-01
-9.183305853022026843e-01
-1.143068266330842464e+00
-1.243936764170925136e+00
-1.210005411945472842e+00
-1.044951198167288542e+00
-7.666603079792436715e-01
-4.052898774612863630e-01
-3.057208269391453025e-16
0.000000000000000000e+00
4.052898774612860300e-01
7.666603079792433384e-01
1.044951198167288320e+00
1.210005411945472620e+00
1.243936764170925580e+00
1.143068266330842908e+00
9.183305853022032395e-01
5.940775359888754714e-01
2.054469675884122437e-01
-2.054469675884119662e-01
-5.940775359888751384e-01
-9.183305853022026843e-01
-1.143068266330842464e+00
-1.243936764170925136e+00
-1.210005411945472842e+00
-1.044951198167288542e+00
-7.666603079792436715e-01
-4.052898774612863630e-01
-3.057208269391453025e-16
0.000000000000000000e+00
4.052898774612860300e-01
7.666603079792433384e-01
1.044951198167288320e+00
1.210005411945472620e+00
1.243936764170925580e+00
1.143068266330842908e+00
9.183305853022032395e-01
5.940775359888754714e-01
2.054469675884122437e-01
-2.054469675884119662e-01
-5.940775359888751384e-01
-9.183305853022026843e-01
-1.143068266330842464e+00
-1.243936764170925136e+00
-1.210005411945472842e+00
-1.044951198167288542e+00
-7.666603079792436715e-01
-4.052898774612863630e-01
-3.057208269391453025e-16
0.000000000000000000e+00
4.052898774612860300e-01
7.666603079792433384e-01
1.044951198167288320e+00
1.210005411945472620e+00
1.243936764170925580e+00
1.143068266330842908e+00
9.183305853022032395e-01
5.940775359888754714e-01
2.054469675884122437e-01
-2.054469675884119662e-01
-5.940775359888751384e-01
-9.183305853022026843e-01
-1.143068266330842464e+00
-1.243936764170925136e+00
-1.210005411945472842e+00
-1.044951198167288542e+00
-7.666603079792436715e-01
-4.052898774612863630e-01
-3.057208269391453025e-16
0.000000000000000000e+00
4.052898774612860300e-01
7.666603079792433384e-01
1.044951198167288320e+00
1.210005411945472620e+00
1.243936764170925580e+00
1.143068266330842908e+00
9.183305853022032395e-01
5.940775359888754714e-01
2.054469675884122437e-01
-2.054469675884119662e-01
-5.940775359888751384e-01
-9.183305853022026843e-01
-1.143068266330842464e+00
-1.243936764170925136e+00
-1.210005411945472842e+00
-1.044951198167288542e+00
-7.666603079792436715e-01
-4.052898774612863630e-01
-3.057208269391453025e-16
0.000000000000000000e+00
4.052898774612860300e-01
7.666603079792433384e-01
1.044951198167288320e+00
1.210005411945472620e+00
1.243936764170925580e+00
1.143068266330842908e+00
9.183305853022032395e-01
5.940775359888754714e-01
2.054469675884122437e-01
-2.054469675884119662e-01
-5.940775359888751384e-01
-9.183305853022026843e-01
-1.143068266330842464e+00
-1.243936764170925136e+00
-1.210005411945472842e+00
-1.044951198167288542e+00
-7.666603079792436715e-01
-4.052898774612863630e-01
-3.057208269391453025e-16
0.000000000000000000e+00
4.052898774612860300e-01
7.666603079792433384e-01
1.044951198167288320e+00
1.210005411945472620e+00
1.243936764170925580e+00
1.143068266330842908e+00
9.183305853022032395e-01
5.940775359888754714e-01
2.054469675884122437e-01
-2.054469675884119662e-01
-5.940775359888751384e-01
-9.183305853022026843e-01
-1.143068266330842464e+00
-1.243936764170925136e+00
-1.210005411945472842e+00
-1.044951198167288542e+00
-7.666603079792436715e-01
-4.052898774612863630e-01
-3.057208269391453025e-16
0.000000000000000000e+00
4.052898774612860300e-01
7.666603079792433384e-01
1.044951198167288320e+00
1.210005411945472620e+00
1.243936764170925580e+00
1.143068266330842908e+00
9.183305853022032395e-01
5.940775359888754714e-01
2.054469675884122437e-01
-2.054469675884119662e-01
-5.940775359888751384e-01
-9.183305853022026843e-01
-1.143068266330842464e+00
-1.243936764170925136e+00
-1.210005411945472842e+00
-1.044951198167288542e+00
-7.666603079792436715e-01
-4.052898774612863630e-01
-3.057208269391453025e-16
0.000000000000000000e+00
3.201790031944160009e-01
6.056616433036022817e-01
8.255114465521578015e-01
9.559042754369234673e-01
9.827100436950312323e-01
9.030239304013659707e-01
7.254811623887406080e-01
4.693212534312116713e-01
1.623031043948456875e-01
-1.623031043948454655e-01
-4.693212534312114492e-01
-7.254811623887401639e-01
-9.030239304013655266e-01
-9.827100436950310103e-01
-9.559042754369235784e-01
-8.255114465521580236e-01
-6.056616433036025038e-01
-3.201790031944162784e-01
-2.415194532819248239e-16
0.000000000000000000e+00
3.201790031944160009e-01
6.056616433036022817e-01
8.255114465521578015e-01
9.559042754369234673e-01
9.827100436950312323e-01
9.030239304013659707e-01
7.254811623887406080e-01
4.693212534312116713e-01
1.623031043948456875e-01
-1.623031043948454655e-01
-4.693212534312114492e-01
-7.254811623887401639e-01
-9.030239304013655266e-01
-9.827100436950310103e-01
-9.559042754369235784e-01
-8.255114465521580236e-01
-6.056616433036025038e-01
-3.201790031944162784e-01
-2.415194532819248239e-16
0.000000000000000000e+00
3.201790031944160009e-01
6.056616433036022817e-01
8.255114465521578015e-01
9.559042754369234673e-01
9.827100436950312323e-01
9.030239304013659707e-01
7.254811623887406080e-01
4.693212534312116713e-01
1.623031043948456875e-01
-1.623031043948454655e-01
-4.693212534312114492e-01
-7.254811623887401639e-01
-9.030239304013655266e-01
-9.827100436950310103e-01
-9.559042754369235784e-01
-8.255114465521580236e-01
-6.056616433036025038e-01
-3.201790031944162784e-01
-2.415194532819248239e-16
0.000000000000000000e+00
3.201790031944160009e-01
6.056616433036022817e-01
8.255114465521578015e-01
9.559042754369234673e-01
9.827100436950312323e-01
9.030239304013659707e-01
7.254811623887406080e-01
4.693212534312116713e-01
1.623031043948456875e-01
-1.623031043948454655e-01
-4.693212534312114492e-01
-7.254811623887401639e-01
-9.030239304013655266e-01
-9.827100436950310103e-01
-9.559042754369235784e-01
-8.255114465521580236e-01
-6.056616433036025038e-01
-3.201790031944162784e-01
-2.415194532819248239e-16
0.000000000000000000e+00
3.201790031944160009e-01
6.056616433036022817e-01
8.255114465521578015e-01
9.559042754369234673e-01
9.827100436950312323e-01
9.030239304013659707e-01
7.254811623887406080e-01
4.693212534312116713e-01
1.623031043948456875e-01
-1.623031043948454655e-01
-4.693212534312114492e-01
-7.254811623887401639e-01
-9.030239304013655266e-01
-9.827100436950310103e-01
-9.559042754369235784e-01
-8.255114465521580236e-01
-6.056616433036025038e-01
-3.201790031944162784e-01
-2.415194532819248239e-16
0.000000000000000000e+00
3.201790031944160009e-01
6.056616433036022817e-01
8.255114465521578015e-01
9.559042754369234673e-01
9.827100436950312323e-01
9.030239304013659707e-01
7.254811623887406080e-01
4.693212534312116713e-01
1.623031043948456875e-01
-1.623031043948454655e-01
-4.693212534312114492e-01
-7.254811623887401639e-01
-9.030239304013655266e-01
-9.827100436950310103e-01
-9.559042754369235784e-01
-8.255114465521580236e-01
-6.056616433036025038e-01
-3.201790031944162784e-01
-2.415194532819248239e-16
0.000000000000000000e+00
3.201790031944160009e-01
6.056616433036022817e-01
8.255114465521578015e-01
9.559042754369234673e-01
9.827100436950312323e-01
9.030239304013659707e-01
7.254811623887406080e-01
4.693212534312116713e-01
1.623031043948456875e-01
-1.623031043948454655e-01
-4.693212534312114492e-01
-7.254811623887401639e-01
-9.030239304013655266e-01
-9.827100436950310103e-01
-9.559042754369235784e-01
-8.255114465521580236e-01
-6.056616433036025038e-01
-3.201790031944162784e-01
-2.415194532819248239e-16
0.000000000000000000e+00
3.201790031944160009e-01
6.056616433036022817e-01
8.255114465521578015e-01
9.559042754369234673e-01
9.827100436950312323e-01
9.030239304013659707e-01
7.254811623887406080e-01
4.693212534312116713e-01
1.623031043948456875e-01
-1.623031043948454655e-01
-4.693212534312114492e-01
-7.254811623887401639e-01
-9.030239304013655266e-01
-9.827100436950310103e-01
-9.559042754369235784e-01
-8.255114465521580236e-01
-6.056616433036025038e-01
-3.201790031944162784e-01
-2.415194532819248239e-16
0.000000000000000000e+00
3.201790031944160009e-01
6.056616433036022817e-01
8.255114465521578015e-01
9.559042754369234673e-01
9.827100436950312323e-01
9.030239304013659707e-01
7.254811623887406080e-01
4.693212534312116713e-01
1.623031043948456875e-01
-1.623031043948454655e-01
-4.693212534312114492e-01
-7.254811623887401639e-01
-9.030239304013655266e-01
-9.827100436950310103e-01
-9.559042754369235784e-01
-8.255114465521580236e-01
-6.056616433036025038e-01
-3.201790031944162784e-01
-2.415194532819248239e-16
0.000000000000000000e+00
3.201790031944160009e-01
6.056616433036022817e-01
8.255114465521578015e-01
9.559042754369234673e-01
9.827100436950312323e-01
9.030239304013659707e-01
7.254811623887406080e-01
4.693212534312116713e-01
1.623031043948456875e-01
-1.623031043948454655e-01
-4.693212534312114492e-01
-7.254811623887401639e-01
-9.030239304013655266e-01
-9.827100436950310103e-01
-9.559042754369235784e-01
-8.255114465521580236e-01
-6.056616433036025038e-01
-3.201790031944162784e-01
-2.415194532819248239e-16
0.000000000000000000e+00
3.201790031944160009e-01
6.056616433036022817e-01
8.255114465521578015e-01
9.559042754369234673e-01
9.827100436950312323e-01
9.030239304013659707e-01
7.254811623887406080e-01
4.693212534312116713e-01
1.623031043948456875e-01
-1.623031043948454655e-01
-4.693212534312114492e-01
-7.254811623887401639e-01
-9.030239304013655266e-01
-9.827100436950310103e-01
-9.559042754369235784e-01
-8.255114465521580236e-01
-6.056616433036025038e-01
-3.201790031944162784e-01
-2.415194532819248239e-16
0.000000000000000000e+00
3.201790031944160009e-01
6.056616433036022817e-01
8.255114465521578015e-01
9.559042754369234673e-01
9.827100436950312323e-01
9.030239304013659707e-01
7.254811623887406080e-01
4.693212534312116713e-01
1.623031043948456875e-01
-1.623031043948454655e-01
-4.693212534312114492e-01
-7.254811623887401639e-01
-9.030239304013655266e-01
-9.827100436950310103e-01
-9.559042754369235784e-01
-8.255114465521580236e-01
-6.056616433036025038e-01
-3.201790031944162784e-01
-2.415194532819248239e-16
0.000000000000000000e+00
3.201790031944160009e-01
6.056616433036022817e-01
8.255114465521578015e-01
9.559042754369234673e-01
9.827100436950312323e-01
9.030239304013659707e-01
7.254811623887406080e-01
4.693212534312116713e-01
1.623031043948456875e-01
-1.623031043948454655e-01
-4.693212534312114492e-01
-7.254811623887401639e-01
-9.030239304013655266e-01
-9.827100436950310103e-01
-9.559042754369235784e-01
-8.255114465521580236e-01
-6.056616433036025038e-01
-3.201790031944162784e-01
-2.415194532819248239e-16
0.000000000000000000e+00
3.201790031944160009e-01
6.056616433036022817e-01
8.255114465521578015e-01
9.559042754369234673e-01
9.827100436950312323e-01
9.030239304013659707e-01
7.254811623887406080e-01
4.693212534312116713e-01
1.623031043948456875e-01
-1.623031043948454655e-01
-4.693212534312114492e-01
-7.254811623887401639e-01
-9.030239304013655266e-01
-9.827100436950310103e-01
-9.559042754369235784e-01
-8.255114465521580236e-01
-6.056616433036025038e-01
-3.201790031944162784e-01
-2.415194532819248239e-16
0.000000000000000000e+00
3.201790031944160009e-01
6.056616433036022817e-01
8.255114465521578015e-01
9.559042754369234673e-01
9.827100436950312323e-01
9.030239304013659707e-01
7.254811623887406080e-01
4.693212534312116713e-01
1.623031043948456875e-01
-1.623031043948454655e-01
-4.693212534312114492e-01
-7.254811623887401639e-01
-9.030239304013655266e-01
-9.827100436950310103e-01
-9.559042754369235784e-01
-8.255114465521580236e-01
-6.056616433036025038e-01
-3.201790031944162784e-01
-2.415194532819248239e-16
0.000000000000000000e+00
3.201790031944160009e-01
6.056616433036022817e-01
8.255114465521578015e-01
9.559042754369234673e-01
9.827100436950312323e-01
9.030239304013659707e-01
7.254811623887406080e-01
4.693212534312116713e-01
1.623031043948456875e-01
-1.623031043948454655e-01
-4.693212534312114492e-01
-7.254811623887401639e-01
-9.030239304013655266e-01
-9.827100436950310103e-01
-9.559042754369235784e-01
-8.255114465521580236e-01
-6.056616433036025038e-01
-3.201790031944162784e-01
-2.415194532819248239e-16
0.000000000000000000e+00
3.201790031944160009e-01
6.056616433036022817e-01
8.255114465521578015e-01
9.559042754369234673e-01
9.827100436950312323e-01
9.030239304013659707e-01
7.254811623887406080e-01
4.693212534312116713e-01
1.623031043948456875e-01
-1.623031043948454655e-01
-4.693212534312114492e-01
-7.254811623887401639e-01
-9.030239304013655266e-01
-9.827100436950310103e-01
-9.559042754369235784e-01
-8.255114465521580236e-01
-6.056616433036025038e-01
-3.201790031944162784e-01
-2.415194532819248239e-16
0.000000000000000000e+00
3.201790031944160009e-01
6.056616433036022817e-01
8.255114465521578015e-01
9.559042754369234673e-01
9.827100436950312323e-01
9.030239304013659707e-01
7.254811623887406080e-01
4.693212534312116713e-01
1.623031043948456875e-01
-1.623031043948454655e-01
-4.693212534312114492e-01
-7.254811623887401639e-01
-9.030239304013655266e-01
-9.827100436950310103e-01
-9.559042754369235784e-01
-8.255114465521580236e-01
-6.056616433036025038e-01
-3.201790031944162784e-01
-2.415194532819248239e-16
0.000000000000000000e+00
3.201790031944160009e-01
6.056616433036022817e-01
8.255114465521578015e-01
9.559042754369234673e-01
9.827100436950312323e-01
9.030239304013659707e-01
7.254811623887406080e-01
4.693212534312116713e-01
1.623031043948456875e-01
-1.623031043948454655e-01
-4.693212534312114492e-01
-7.254811623887401639e-01
-9.030239304013655266e-01
-9.827100436950310103e-01
-9.559042754369235784e-01
-8.255114465521580236e-01
-6.056616433036025038e-01
-3.201790031944162784e-01
-2.415194532819248239e-16
0.000000000000000000e+00
3.201790031944160009e-01
6.056616433036022817e-01
8.255114465521578015e-01
9.559042754369234673e-01
9.827100436950312323e-01
9.030239304013659707e-01
7.254811623887406080e-01
4.693212534312116713e-01
1.623031043948456875e-01
-1.623031043948454655e-01
-4.693212534312114492e-01
-7.254811623887401639e-01
-9.030239304013655266e-01
-9.827100436950310103e-01
-9.559042754369235784e-01
-8.255114465521580236e-01
-6.056616433036025038e-01
-3.201790031944162784e-01
-2.415194532819248239e-16
0.000000000000000000e+00
3.201790031944160009e-01
6.056616433036022817e-01
8.255114465521578015e-01
9.559042754369234673e-01
9.827100436950312323e-01
9.030239304013659707e-01
7.254811623887406080e-01
4.693212534312116713e-01
1.623031043948456875e-01
-1.623031043948454655e-01
-4.693212534312114492e-01
-7.254811623887401639e-01
-9.030239304013655266e-01
-9.827100436950310103e-01
-9.559042754369235784e-01
-8.255114465521580236e-01
-6.056616433036025038e-01
-3.201790031944162784e-01
-2.415194532819248239e-16
0.000000000000000000e+00
3.201790031944160009e-01
6.056616433036022817e-01
8.255114465521578015e-01
9.559042754369234673e-01
9.827100436950312323e-01
9.030239304013659707e-01
7.254811623887406080e-01
4.693212534312116713e-01
1.623031043948456875e-01
-1.623031043948454655e-01
-4.693212534312114492e-01
-7.254811623887401639e-01
-9.030239304013655266e-01
-9.827100436950310103e-01
-9.559042754369235784e-01
-8.255114465521580236e-01
-6.056616433036025038e-01
-3.201790031944162784e-01
-2.415194532819248239e-16
0.000000000000000000e+00
3.201790031944160009e-01
6.056616433036022817e-01
8.255114465521578015e-01
9.559042754369234673e-01
9.827100436950312323e-01
9.030239304013659707e-01
7.254811623887406080e-01
4.693212534312116713e-01
1.623031043948456875e-01
-1.623031043948454655e-01
-4.693212534312114492e-01
-7.254811623887401639e-01
-9.030239304013655266e-01
-9.827100436950310103e-01
-9.559042754369235784e-01
-8.255114465521580236e-01
-6.056616433036025038e-01
-3.201790031944162784e-01
-2.415194532819248239e-16
0.000000000000000000e+00
3.201790031944160009e-01
6.056616433036022817e-01
8.255114465521578015e-01
9.559042754369234673e-01
9.827100436950312323e-01
9.030239304013659707e-01
7.254811623887406080e-01
4.693212534312116713e-01
1.623031043948456875e-01
-1.623031043948454655e-01
-4.693212534312114492e-01
-7.254811623887401639e-01
-9.030239304013655266e-01
-9.827100436950310103e-01
-9.559042754369235784e-01
-8.255114465521580236e-01
-6.056616433036025038e-01
-3.201790031944162784e-01
-2.415194532819248239e-16
0.000000000000000000e+00
3.201790031944160009e-01
6.056616433036022817e-01
8.255114465521578015e-01
9.559042754369234673e-01
9.827100436950312323e-01
9.030239304013659707e-01
7.254811623887406080e-01
4.693212534312116713e-01
1.623031043948456875e-01
-1.623031043948454655e-01
-4.693212534312114492e-01
-7.254811623887401639e-01
-9.030239304013655266e-01
-9.827100436950310103e-01
-9.559042754369235784e-01
-8.255114465521580236e-01
-6.056616433036025038e-01
-3.201790031944162784e-01
-2.415194532819248239e-16
0.000000000000000000e+00
3.201790031944160009e-01
6.056616433036022817e-01
8.255114465521578015e-01
9.559042754369234673e-01
9.827100436950312323e-01
9.030239304013659707e-01
7.254811623887406080e-01
4.693212534312116713e-01
1.623031043948456875e-01
-1.623031043948454655e-01
-4.693212534312114492e-01
-7.254811623887401639e-01
-9.030239304013655266e-01
-9.827100436950310103e-01
-9.559042754369235784e-01
-8.255114465521580236e-01
-6.056616433036025038e-01
-3.201790031944162784e-01
-2.415194532819248239e-16
0.000000000000000000e+00
3.201790031944160009e-01
6.056616433036022817e-01
8.255114465521578015e-01
9.559042754369234673e-01
9.827100436950312323e-01
9.030239304013659707e-01
7.254811623887406080e-01
4.693212534312116713e-01
1.623031043948456875e-01
-1.623031043948454655e-01
-4.693212534312114492e-01
-7.254811623887401639e-01
-9.030239304013655266e-01
-9.827100436950310103e-01
-9.559042754369235784e-01
-8.255114465521580236e-01
-6.056616433036025038e-01
-3.201790031944162784e-01
-2.415194532819248239e-16
0.000000000000000000e+00
3.201790031944160009e-01
6.056616433036022817e-01
8.255114465521578015e-01
9.559042754369234673e-01
9.827100436950312323e-01
9.030239304013659707e-01
7.254811623887406080e-01
4.693212534312116713e-01
1.623031043948456875e-01
-1.623031043948454655e-01
-4.693212534312114492e-01
-7.254811623887401639e-01
-9.030239304013655266e-01
-9.827100436950310103e-01
-9.559042754369235784e-01
-8.255114465521580236e-01
-6.056616433036025038e-01
-3.201790031944162784e-01
-2.415194532819248239e-16
0.000000000000000000e+00
3.201790031944160009e-01
6.056616433036022817e-01
8.255114465521578015e-01
9.559042754369234673e-01
9.827100436950312323e-01
9.030239304013659707e-01
7.254811623887406080e-01
4.693212534312116713e-01
1.623031043948456875e-01
-1.623031043948454655e-01
-4.693212534312114492e-01
-7.254811623887401639e-01
-9.030239304013655266e-01
-9.827100436950310103e-01
-9.559042754369235784e-01
-8.255114465521580236e-01
-6.056616433036025038e-01
-3.201790031944162784e-01
-2.415194532819248239e-16
0.000000000000000000e+00
3.201790031944160009e-01
6.056616433036022817e-01
8.255114465521578015e-01
9.559042754369234673e-01
9.827100436950312323e-01
9.030239304013659707e-01
7.254811623887406080e-01
4.693212534312116713e-01
1.623031043948456875e-01
-1.623031043948454655e-01
-4.693212534312114492e-01
-7.254811623887401639e-01
-9.030239304013655266e-01
-9.827100436950310103e-01
-9.559042754369235784e-01
-8.255114465521580236e-01
-6.056616433036025038e-01
-3.201790031944162784e-01
-2.415194532819248239e-16
0.000000000000000000e+00
3.201790031944160009e-01
6.056616433036022817e-01
8.255114465521578015e-01
9.559042754369234673e-01
9.827100436950312323e-01
9.030239304013659707e-01
7.254811623887406080e-01
4.693212534312116713e-01
1.623031043948456875e-01
-1.623031043948454655e-01
-4.693212534312114492e-01
-7.254811623887401639e-01
-9.030239304013655266e-01
-9.827100436950310103e-01
-9.559042754369235784e-01
-8.255114465521580236e-01
-6.056616433036025038e-01
-3.201790031944162784e-01
-2.415194532819248239e-16
0.000000000000000000e+00
3.201790031944160009e-01
6.056616433036022817e-01
8.255114465521578015e-01
9.559042754369234673e-01
9.827100436950312323e-01
9.030239304013659707e-01
7.254811623887406080e-01
4.693212534312116713e-01
1.623031043948456875e-01
-1.623031043948454655e-01
-4.693212534312114492e-01
-7.254811623887401639e-01
-9.030239304013655266e-01
-9.827100436950310103e-01
-9.559042754369235784e-01
-8.255114465521580236e-01
-6.056616433036025038e-01
-3.201790031944162784e-01
-2.415194532819248239e-16
0.000000000000000000e+00
3.201790031944160009e-01
6.056616433036022817e-01
8.255114465521578015e-01
9.559042754369234673e-01
9.827100436950312323e-01
9.030239304013659707e-01
7.254811623887406080e-01
4.693212534312116713e-01
1.623031043948456875e-01
-1.623031043948454655e-01
-4.693212534312114492e-01
-7.254811623887401639e-01
-9.030239304013655266e-01
-9.827100436950310103e-01
-9.559042754369235784e-01
-8.255114465521580236e-01
-6.056616433036025038e-01
-3.201790031944162784e-01
-2.415194532819248239e-16
0.000000000000000000e+00
3.201790031944160009e-01
6.056616433036022817e-01
8.255114465521578015e-01
9.559042754369234673e-01
9.827100436950312323e-01
9.030239304013659707e-01
7.254811623887406080e-01
4.693212534312116713e-01
1.623031043948456875e-01
-1.623031043948454655e-01
-4.693212534312114492e-01
-7.254811623887401639e-01
-9.030239304013655266e-01
-9.827100436950310103e-01
-9.559042754369235784e-01
-8.255114465521580236e-01
-6.056616433036025038e-01
-3.201790031944162784e-01
-2.415194532819248239e-16
0.000000000000000000e+00
3.201790031944160009e-01
6.056616433036022817e-01
8.255114465521578015e-01
9.559042754369234673e-01
9.827100436950312323e-01
9.030239304013659707e-01
7.254811623887406080e-01
4.693212534312116713e-01
1.623031043948456875e-01
-1.623031043948454655e-01
-4.693212534312114492e-01
-7.254811623887401639e-01
-9.030239304013655266e-01
-9.827100436950310103e-01
-9.559042754369235784e-01
-8.255114465521580236e-01
-6.056616433036025038e-01
-3.201790031944162784e-01
-2.415194532819248239e-16
0.000000000000000000e+00
3.201790031944160009e-01
6.056616433036022817e-01
8.255114465521578015e-01
9.559042754369234673e-01
9.827100436950312323e-01
9.030239304013659707e-01
7.254811623887406080e-01
4.693212534312116713e-01
1.623031043948456875e-01
-1.623031043948454655e-01
-4.693212534312114492e-01
-7.254811623887401639e-01
-9.030239304013655266e-01
-9.827100436950310103e-01
-9.559042754369235784e-01
-8.255114465521580236e-01
-6.056616433036025038e-01
-3.201790031944162784e-01
-2.415194532819248239e-16
0.000000000000000000e+00
3.201790031944160009e-01
6.056616433036022817e-01
8.255114465521578015e-01
9.559042754369234673e-01
9.827100436950312323e-01
9.030239304013659707e-01
7.254811623887406080e-01
4.693212534312116713e-01
1.623031043948456875e-01
-1.623031043948454655e-01
-4.693212534312114492e-01
-7.254811623887401639e-01
-9.030239304013655266e-01
-9.827100436950310103e-01
-9.559042754369235784e-01
-8.255114465521580236e-01
-6.056616433036025038e-01
-3.201790031944162784e-01
-2.415194532819248239e-16
0.000000000000000000e+00
3.201790031944160009e-01
6.056616433036022817e-01
8.255114465521578015e-01
9.559042754369234673e-01
9.827100436950312323e-01
9.030239304013659707e-01
7.254811623887406080e-01
4.693212534312116713e-01
1.623031043948456875e-01
-1.623031043948454655e-01
-4.693212534312114492e-01
-7.254811623887401639e-01
-9.030239304013655266e-01
-9.827100436950310103e-01
-9.559042754369235784e-01
-8.255114465521580236e-01
-6.056616433036025038e-01
-3.201790031944162784e-01
-2.415194532819248239e-16
0.000000000000000000e+00
3.201790031944160009e-01
6.056616433036022817e-01
8.255114465521578015e-01
9.559042754369234673e-01
9.827100436950312323e-01
9.030239304013659707e-01
7.254811623887406080e-01
4.693212534312116713e-01
1.623031043948456875e-01
-1.623031043948454655e-01
-4.693212534312114492e-01
-7.254811623887401639e-01
-9.030239304013655266e-01
-9.827100436950310103e-01
-9.559042754369235784e-01
-8.255114465521580236e-01
-6.056616433036025038e-01
-3.201790031944162784e-01
-2.415194532819248239e-16
0.000000000000000000e+00
3.201790031944160009e-01
6.056616433036022817e-01
8.255114465521578015e-01
9.559042754369234673e-01
9.827100436950312323e-01
9.030239304013659707e-01
7.254811623887406080e-01
4.693212534312116713e-01
1.623031043948456875e-01
-1.623031043948454655e-01
-4.693212534312114492e-01
-7.254811623887401639e-01
-9.030239304013655266e-01
-9.827100436950310103e-01
-9.559042754369235784e-01
-8.255114465521580236e-01
-6.056616433036025038e-01
-3.201790031944162784e-01
-2.415194532819248239e-16
0.000000000000000000e+00
4.052898774612860300e-01
7.666603079792433384e-01
1.044951198167288320e+00
1.210005411945472620e+00
1.243936764170925580e+00
1.143068266330842908e+00
9.183305853022032395e-01
5.940775359888754714e-01
2.054469675884122437e-01
-2.054469675884119662e-01
-5.940775359888751384e-01
-9.183305853022026843e-01
-1.143068266330842464e+00
-1.243936764170925136e+00
-1.210005411945472842e+00
-1.044951198167288542e+00
-7.666603079792436715e-01
-4.052898774612863630e-01
-3.057208269391453025e-16
0.000000000000000000e+00
4.052898774612860300e-01
7.666603079792433384e-01
1.044951198167288320e+00
1.210005411945472620e+00
1.243936764170925580e+00
1.143068266330842908e+00
9.183305853022032395e-01
5.940775359888754714e-01
2.054469675884122437e-01
-2.054469675884119662e-01
-5.940775359888751384e-01
-9.183305853022026843e-01
-1.143068266330842464e+00
-1.243936764170925136e+00
-1.210005411945472842e+00
-1.044951198167288542e+00
-7.666603079792436715e-01
-4.052898774612863630e-01
-3.057208269391453025e-16
0.000000000000000000e+00
4.052898774612860300e-01
7.666603079792433384e-01
1.044951198167288320e+00
1.210005411945472620e+00
1.243936764170925580e+00
1.143068266330842908e+00
9.183305853022032395e-01
5.940775359888754714e-01
2.054469675884122437e-01
-2.054469675884119662e-01
-5.940775359888751384e-01
-9.183305853022026843e-01
-1.143068266330842464e+00
-1.243936764170925136e+00
-1.210005411945472842e+00
-1.044951198167288542e+00
-7.666603079792436715e-01
-4.052898774612863630e-01
-3.057208269391453025e-16
0.000000000000000000e+00
4.052898774612860300e-01
7.666603079792433384e-01
1.044951198167288320e+00
1.210005411945472620e+00
1.243936764170925580e+00
1.143068266330842908e+00
9.183305853022032395e-01
5.940775359888754714e-01
2.054469675884122437e-01
-2.054469675884119662e-01
-5.940775359888751384e-01
-9.183305853022026843e-01
-1.143068266330842464e+00
-1.243936764170925136e+00
-1.210005411945472842e+00
-1.044951198167288542e+00
-7.666603079792436715e-01
-4.052898774612863630e-01
-3.057208269391453025e-16
0.000000000000000000e+00
4.052898774612860300e-01
7.666603079792433384e-01
1.044951198167288320e+00
1.210005411945472620e+00
1.243936764170925580e+00
1.143068266330842908e+00
9.183305853022032395e-01
5.940775359888754714e-01
2.054469675884122437e-01
-2.054469675884119662e-01
-5.940775359888751384e-01
-9.183305853022026843e-01
-1.143068266330842464e+00
-1.243936764170925136e+00
-1.210005411945472842e+00
-1.044951198167288542e+00
-7.666603079792436715e-01
-4.052898774612863630e-01
-3.057208269391453025e-16
0.000000000000000000e+00
4.052898774612860300e-01
7.666603079792433384e-01
1.044951198167288320e+00
1.210005411945472620e+00
1.243936764170925580e+00
1.143068266330842908e+00
9.183305853022032395e-01
5.940775359888754714e-01
2.054469675884122437e-01
-2.054469675884119662e-01
-5.940775359888751384e-01
-9.183305853022026843e-01
-1.143068266330842464e+00
-1.243936764170925136e+00
-1.210005411945472842e+00
-1.044951198167288542e+00
-7.666603079792436715e-01
-4.052898774612863630e-01
-3.057208269391453025e-16
0.000000000000000000e+00
4.052898774612860300e-01
7.666603079792433384e-01
1.044951198167288320e+00
1.210005411945472620e+00
1.243936764170925580e+00
1.143068266330842908e+00
9.183305853022032395e-01
5.940775359888754714e-01
2.054469675884122437e-01
-2.054469675884119662e-01
-5.940775359888751384e-01
-9.183305853022026843e-01
-1.143068266330842464e+00
-1.243936764170925136e+00
-1.210005411945472842e+00
-1.044951198167288542e+00
-7.666603079792436715e-01
-4.052898774612863630e-01
-3.057208269391453025e-16
0.000000000000000000e+00
4.052898774612860300e-01
7.666603079792433384e-01
1.044951198167288320e+00
1.210005411945472620e+00
1.243936764170925580e+00
1.143068266330842908e+00
9.183305853022032395e-01
5.940775359888754714e-01
2.054469675884122437e-01
-2.054469675884119662e-01
-5.940775359888751384e-01
-9.183305853022026843e-01
-1.143068266330842464e+00
-1.243936764170925136e+00
-1.210005411945472842e+00
-1.044951198167288542e+00
-7.666603079792436715e-01
-4.052898774612863630e-01
-3.057208269391453025e-16
0.000000000000000000e+00
4.052898774612860300e-01
7.666603079792433384e-01
1.044951198167288320e+00
1.210005411945472620e+00
1.243936764170925580e+00
1.143068266330842908e+00
9.183305853022032395e-01
5.940775359888754714e-01
2.054469675884122437e-01
-2.054469675884119662e-01
-5.940775359888751384e-01
-9.183305853022026843e-01
-1.143068266330842464e+00
-1.243936764170925136e+00
-1.210005411945472842e+00
-1.044951198167288542e+00
-7.666603079792436715e-01
-4.052898774612863630e-01
-3.057208269391453025e-16
0.000000000000000000e+00
4.052898774612860300e-01
7.666603079792433384e-01
1.044951198167288320e+00
1.210005411945472620e+00
1.243936764170925580e+00
1.143068266330842908e+00
9.183305853022032395e-01
5.940775359888754714e-01
2.054469675884122437e-01
-2.054469675884119662e-01
-5.940775359888751384e-01
-9.183305853022026843e-01
-1.143068266330842464e+00
-1.243936764170925136e+00
-1.210005411945472842e+00
-1.044951198167288542e+00
-7.666603079792436715e-01
-4.052898774612863630e-01
-3.057208269391453025e-16
0.000000000000000000e+00
4.052898774612860300e-01
7.666603079792433384e-01
1.044951198167288320e+00
1.210005411945472620e+00
1.243936764170925580e+00
1.143068266330842908e+00
9.183305853022032395e-01
5.940775359888754714e-01
2.054469675884122437e-01
-2.054469675884119662e-01
-5.940775359888751384e-01
-9.183305853022026843e-01
-1.143068266330842464e+00
-1.243936764170925136e+00
-1.210005411945472842e+00
-1.044951198167288542e+00
-7.666603079792436715e-01
-4.052898774612863630e-01
-3.057208269391453025e-16
0.000000000000000000e+00
4.052898774612860300e-01
7.666603079792433384e-01
1.044951198167288320e+00
1.210005411945472620e+00
1.243936764170925580e+00
1.143068266330842908e+00
9.183305853022032395e-01
5.940775359888754714e-01
2.054469675884122437e-01
-2.054469675884119662e-01
-5.940775359888751384e-01
-9.183305853022026843e-01
-1.143068266330842464e+00
-1.243936764170925136e+00
-1.210005411945472842e+00
-1.044951198167288542e+00
-7.666603079792436715e-01
-4.052898774612863630e-01
-3.057208269391453025e-16
0.000000000000000000e+00
4.052898774612860300e-01
7.666603079792433384e-01
1.044951198167288320e+00
1.210005411945472620e+00
1.243936764170925580e+00
1.143068266330842908e+00
9.183305853022032395e-01
5.940775359888754714e-01
2.054469675884122437e-01
-2.054469675884119662e-01
-5.940775359888751384e-01
-9.183305853022026843e-01
-1.143068266330842464e+00
-1.243936764170925136e+00
-1.210005411945472842e+00
-1.044951198167288542e+00
-7.666603079792436715e-01
-4.052898774612863630e-01
-3.057208269391453025e-16
0.000000000000000000e+00
4.052898774612860300e-01
7.666603079792433384e-01
1.044951198167288320e+00
1.210005411945472620e+00
1.243936764170925580e+00
1.143068266330842908e+00
9.183305853022032395e-01
5.940775359888754714e-01
2.054469675884122437e-01
-2.054469675884119662e-01
-5.940775359888751384e-01
-9.183305853022026843e-01
-1.143068266330842464e+00
-1.243936764170925136e+00
-1.210005411945472842e+00
-1.044951198167288542e+00
-7.666603079792436715e-01
-4.052898774612863630e-01
-3.057208269391453025e-16
0.000000000000000000e+00
4.052898774612860300e-01
7.666603079792433384e-01
1.044951198167288320e+00
1.210005411945472620e+00
1.243936764170925580e+00
1.143068266330842908e+00
9.183305853022032395e-01
5.940775359888754714e-01
2.054469675884122437e-01
-2.054469675884119662e-01
-5.940775359888751384e-01
-9.183305853022026843e-01
-1.143068266330842464e+00
-1.243936764170925136e+00
-1.210005411945472842e+00
-1.044951198167288542e+00
-7.666603079792436715e-01
-4.052898774612863630e-01
-3.057208269391453025e-16
0.000000000000000000e+00
4.052898774612860300e-01
7.666603079792433384e-01
1.044951198167288320e+00
1.210005411945472620e+00
1.243936764170925580e+00
1.143068266330842908e+00
9.183305853022032395e-01
5.940775359888754714e-01
2.054469675884122437e-01
-2.054469675884119662e-01
-5.940775359888751384e-01
-9.183305853022026843e-01
-1.143068266330842464e+00
-1.243936764170925136e+00
-1.210005411945472842e+00
-1.044951198167288542e+00
-7.666603079792436715e-01
-4.052898774612863630e-01
-3.057208269391453025e-16
0.000000000000000000e+00
4.052898774612860300e-01
7.666603079792433384e-01
1.044951198167288320e+00
1.210005411945472620e+00
1.243936764170925580e+00
1.143068266330842908e+00
9.183305853022032395e-01
5.940775359888754714e-01
2.054469675884122437e-01
-2.054469675884119662e-01
-5.940775359888751384e-01
-9.183305853022026843e-01
-1.143068266330842464e+00
-1.243936764170925136e+00
-1.210005411945472842e+00
-1.044951198167288542e+00
-7.666603079792436715e-01
-4.052898774612863630e-01
-3.057208269391453025e-16
0.000000000000000000e+00
4.052898774612860300e-01
7.666603079792433384e-01
1.044951198167288320e+00
1.210005411945472620e+00
1.243936764170925580e+00
1.143068266330842908e+00
9.183305853022032395e-01
5.940775359888754714e-01
2.054469675884122437e-01
-2.054469675884119662e-01
-5.940775359888751384e-01
-9.183305853022026843e-01
-1.143068266330842464e+00
-1.243936764170925136e+00
-1.210005411945472842e+00
-1.044951198167288542e+00
-7.666603079792436715e-01
-4.052898774612863630e-01
-3.057208269391453025e-16
0.000000000000000000e+00
4.052898774612860300e-01
7.666603079792433384e-01
1.044951198167288320e+00
1.210005411945472620e+00
1.243936764170925580e+00
1.143068266330842908e+00
9.183305853022032395e-01
5.940775359888754714e-01
2.054469675884122437e-01
-2.054469675884119662e-01
-5.940775359888751384e-01
-9.183305853022026843e-01
-1.143068266330842464e+00
-1.243936764170925136e+00
-1.210005411945472842e+00
-1.044951198167288542e+00
-7.666603079792436715e-01
-4.052898774612863630e-01
-3.057208269391453025e-16
0.000000000000000000e+00
4.052898774612860300e-01
7.666603079792433384e-01
1.044951198167288320e+00
1.210005411945472620e+00
1.243936764170925580e+00
1.143068266330842908e+00
9.183305853022032395e-01
5.940775359888754714e-01
2.054469675884122437e-01
-2.054469675884119662e-01
-5.940775359888751384e-01
-9.183305853022026843e-01
-1.143068266330842464e+00
-1.243936764170925136e+00
-1.210005411945472842e+00
-1.044951198167288542e+00
-7.666603079792436715e-01
-4.052898774612863630e-01
-3.057208269391453025e-16
0.000000000000000000e+00
3.201790031944160009e-01
6.056616433036022817e-01
8.255114465521578015e-01
9.559042754369234673e-01
9.827100436950312323e-01
9.030239304013659707e-01
7.254811623887406080e-01
4.693212534312116713e-01
1.623031043948456875e-01
-1.623031043948454655e-01
-4.693212534312114492e-01
-7.254811623887401639e-01
-9.030239304013655266e-01
-9.827100436950310103e-01
-9.559042754369235784e-01
-8.255114465521580236e-01
-6.056616433036025038e-01
-3.201790031944162784e-01
-2.415194532819248239e-16
0.000000000000000000e+00
3.201790031944160009e-01
6.056616433036022817e-01
8.255114465521578015e-01
9.559042754369234673e-01
9.827100436950312323e-01
9.030239304013659707e-01
7.254811623887406080e-01
4.693212534312116713e-01
1.623031043948456875e-01
-1.623031043948454655e-01
-4.693212534312114492e-01
-7.254811623887401639e-01
-9.030239304013655266e-01
-9.827100436950310103e-01
-9.559042754369235784e-01
-8.255114465521580236e-01
-6.056616433036025038e-01
-3.201790031944162784e-01
-2.415194532819248239e-16
0.000000000000000000e+00
3.201790031944160009e-01
6.056616433036022817e-01
8.255114465521578015e-01
9.559042754369234673e-01
9.827100436950312323e-01
9.030239304013659707e-01
7.254811623887406080e-01
4.693212534312116713e-01
1.623031043948456875e-01
-1.623031043948454655e-01
-4.693212534312114492e-01
-7.254811623887401639e-01
-9.030239304013655266e-01
-9.827100436950310103e-01
-9.559042754369235784e-01
-8.255114465521580236e-01
-6.056616433036025038e-01
-3.201790031944162784e-01
-2.415194532819248239e-16
0.000000000000000000e+00
3.201790031944160009e-01
6.056616433036022817e-01
8.255114465521578015e-01
9.559042754369234673e-01
9.827100436950312323e-01
9.030239304013659707e-01
7.254811623887406080e-01
4.693212534312116713e-01
1.623031043948456875e-01
-1.623031043948454655e-01
-4.693212534312114492e-01
-7.254811623887401639e-01
-9.030239304013655266e-01
-9.827100436950310103e-01
-9.559042754369235784e-01
-8.255114465521580236e-01
-6.056616433036025038e-01
-3.201790031944162784e-01
-2.415194532819248239e-16
0.000000000000000000e+00
3.201790031944160009e-01
6.056616433036022817e-01
8.255114465521578015e-01
9.559042754369234673e-01
9.827100436950312323e-01
9.030239304013659707e-01
7.254811623887406080e-01
4.693212534312116713e-01
1.623031043948456875e-01
-1.623031043948454655e-01
-4.693212534312114492e-01
-7.254811623887401639e-01
-9.030239304013655266e-01
-9.827100436950310103e-01
-9.559042754369235784e-01
-8.255114465521580236e-01
-6.056616433036025038e-01
-3.201790031944162784e-01
-2.415194532819248239e-16
0.000000000000000000e+00
3.201790031944160009e-01
6.056616433036022817e-01
8.255114465521578015e-01
9.559042754369234673e-01
9.827100436950312323e-01
9.030239304013659707e-01
7.254811623887406080e-01
4.693212534312116713e-01
1.623031043948456875e-01
-1.623031043948454655e-01
-4.693212534312114492e-01
-7.254811623887401639e-01
-9.030239304013655266e-01
-9.827100436950310103e-01
-9.559042754369235784e-01
-8.255114465521580236e-01
-6.056616433036025038e-01
-3.201790031944162784e-01
-2.415194532819248239e-16
0.000000000000000000e+00
3.201790031944160009e-01
6.056616433036022817e-01
8.255114465521578015e-01
9.559042754369234673e-01
9.827100436950312323e-01
9.030239304013659707e-01
7.254811623887406080e-01
4.693212534312116713e-01
1.623031043948456875e-01
-1.623031043948454655e-01
-4.693212534312114492e-01
-7.254811623887401639e-01
-9.030239304013655266e-01
-9.827100436950310103e-01
-9.559042754369235784e-01
-8.255114465521580236e-01
-6.056616433036025038e-01
-3.201790031944162784e-01
-2.415194532819248239e-16
0.000000000000000000e+00
3.201790031944160009e-01
6.056616433036022817e-01
8.255114465521578015e-01
9.559042754369234673e-01
9.827100436950312323e-01
9.030239304013659707e-01
7.254811623887406080e-01
4.693212534312116713e-01
1.623031043948456875e-01
-1.623031043948454655e-01
-4.693212534312114492e-01
-7.254811623887401639e-01
-9.030239304013655266e-01
-9.827100436950310103e-01
-9.559042754369235784e-01
-8.255114465521580236e-01
-6.056616433036025038e-01
-3.201790031944162784e-01
-2.415194532819248239e-16
0.000000000000000000e+00
3.201790031944160009e-01
6.056616433036022817e-01
8.255114465521578015e-01
9.559042754369234673e-01
9.827100436950312323e-01
9.030239304013659707e-01
7.254811623887406080e-01
4.693212534312116713e-01
1.623031043948456875e-01
-1.623031043948454655e-01
-4.693212534312114492e-01
-7.254811623887401639e-01
-9.030239304013655266e-01
-9.827100436950310103e-01
-9.559042754369235784e-01
-8.255114465521580236e-01
-6.056616433036025038e-01
-3.201790031944162784e-01
-2.415194532819248239e-16
0.000000000000000000e+00
3.201790031944160009e-01
6.056616433036022817e-01
8.255114465521578015e-01
9.559042754369234673e-01
9.827100436950312323e-01
9.030239304013659707e-01
7.254811623887406080e-01
4.693212534312116713e-01
1.623031043948456875e-01
-1.623031043948454655e-01
-4.693212534312114492e-01
-7.254811623887401639e-01
-9.030239304013655266e-01
-9.827100436950310103e-01
-9.559042754369235784e-01
-8.255114465521580236e-01
-6.056616433036025038e-01
-3.201790031944162784e-01
-2.415194532819248239e-16
0.000000000000000000e+00
3.201790031944160009e-01
6.056616433036022817e-01
8.255114465521578015e-01
9.559042754369234673e-01
9.827100436950312323e-01
9.030239304013659707e-01
7.254811623887406080e-01
4.693212534312116713e-01
1.623031043948456875e-01
-1.623031043948454655e-01
-4.693212534312114492e-01
-7.254811623887401639e-01
-9.030239304013655266e-01
-9.827100436950310103e-01
-9.559042754369235784e-01
-8.255114465521580236e-01
-6.056616433036025038e-01
-3.201790031944162784e-01
-2.415194532819248239e-16
0.000000000000000000e+00
3.201790031944160009e-01
6.056616433036022817e-01
8.255114465521578015e-01
9.559042754369234673e-01
9.827100436950312323e-01
9.030239304013659707e-01
7.254811623887406080e-01
4.693212534312116713e-01
1.623031043948456875e-01
-1.623031043948454655e-01
-4.693212534312114492e-01
-7.254811623887401639e-01
-9.030239304013655266e-01
-9.827100436950310103e-01
-9.559042754369235784e-01
-8.255114465521580236e-01
-6.056616433036025038e-01
-3.201790031944162784e-01
-2.415194532819248239e-16
0.000000000000000000e+00
3.201790031944160009e-01
6.056616433036022817e-01
8.255114465521578015e-01
9.559042754369234673e-01
9.827100436950312323e-01
9.030239304013659707e-01
7.254811623887406080e-01
4.693212534312116713e-01
1.623031043948456875e-01
-1.623031043948454655e-01
-4.693212534312114492e-01
-7.254811623887401639e-01
-9.030239304013655266e-01
-9.827100436950310103e-01
-9.559042754369235784e-01
-8.255114465521580236e-01
-6.056616433036025038e-01
-3.201790031944162784e-01
-2.415194532819248239e-16
0.000000000000000000e+00
3.201790031944160009e-01
6.056616433036022817e-01
8.255114465521578015e-01
9.559042754369234673e-01
9.827100436950312323e-01
9.030239304013659707e-01
7.254811623887406080e-01
4.693212534312116713e-01
1.623031043948456875e-01
-1.623031043948454655e-01
-4.693212534312114492e-01
-7.254811623887401639e-01
-9.030239304013655266e-01
-9.827100436950310103e-01
-9.559042754369235784e-01
-8.255114465521580236e-01
-6.056616433036025038e-01
-3.201790031944162784e-01
-2.415194532819248239e-16
0.000000000000000000e+00
3.201790031944160009e-01
6.056616433036022817e-01
8.255114465521578015e-01
9.559042754369234673e-01
9.827100436950312323e-01
9.030239304013659707e-01
7.254811623887406080e-01
4.693212534312116713e-01
1.623031043948456875e-01
-1.623031043948454655e-01
-4.693212534312114492e-01
-7.254811623887401639e-01
-9.030239304013655266e-01
-9.827100436950310103e-01
-9.559042754369235784e-01
-8.255114465521580236e-01
-6.056616433036025038e-01
-3.201790031944162784e-01
-2.415194532819248239e-16
0.000000000000000000e+00
3.201790031944160009e-01
6.056616433036022817e-01
8.255114465521578015e-01
9.559042754369234673e-01
9.827100436950312323e-01
9.030239304013659707e-01
7.254811623887406080e-01
4.693212534312116713e-01
1.623031043948456875e-01
-1.623031043948454655e-01
-4.693212534312114492e-01
-7.254811623887401639e-01
-9.030239304013655266e-01
-9.827100436950310103e-01
-9.559042754369235784e-01
-8.255114465521580236e-01
-6.056616433036025038e-01
-3.201790031944162784e-01
-2.415194532819248239e-16
0.000000000000000000e+00
3.201790031944160009e-01
6.056616433036022817e-01
8.255114465521578015e-01
9.559042754369234673e-01
9.827100436950312323e-01
9.030239304013659707e-01
7.254811623887406080e-01
4.693212534312116713e-01
1.623031043948456875e-01
-1.623031043948454655e-01
-4.693212534312114492e-01
-7.254811623887401639e-01
-9.030239304013655266e-01
-9.827100436950310103e-01
-9.559042754369235784e-01
-8.255114465521580236e-01
-6.056616433036025038e-01
-3.201790031944162784e-01
-2.415194532819248239e-16
0.000000000000000000e+00
3.201790031944160009e-01
6.056616433036022817e-01
8.255114465521578015e-01
9.559042754369234673e-01
9.827100436950312323e-01
9.030239304013659707e-01
7.254811623887406080e-01
4.693212534312116713e-01
1.623031043948456875e-01
-1.623031043948454655e-01
-4.693212534312114492e-01
-7.254811623887401639e-01
-9.030239304013655266e-01
-9.827100436950310103e-01
-9.559042754369235784e-01
-8.255114465521580236e-01
-6.056616433036025038e-01
-3.201790031944162784e-01
-2.415194532819248239e-16
0.000000000000000000e+00
3.201790031944160009e-01
6.056616433036022817e-01
8.255114465521578015e-01
9.559042754369234673e-01
9.827100436950312323e-01
9.030239304013659707e-01
7.254811623887406080e-01
4.693212534312116713e-01
1.623031043948456875e-01
-1.623031043948454655e-01
-4.693212534312114492e-01
-7.254811623887401639e-01
-9.030239304013655266e-01
-9.827100436950310103e-01
-9.559042754369235784e-01
-8.255114465521580236e-01
-6.056616433036025038e-01
-3.201790031944162784e-01
-2.415194532819248239e-16
0.000000000000000000e+00
3.201790031944160009e-01
6.056616433036022817e-01
8.255114465521578015e-01
9.559042754369234673e-01
9.827100436950312323e-01
9.030239304013659707e-01
7.254811623887406080e-01
4.693212534312116713e-01
1.623031043948456875e-01
-1.623031043948454655e-01
-4.693212534312114492e-01
-7.254811623887401639e-01
-9.030239304013655266e-01
-9.827100436950310103e-01
-9.559042754369235784e-01
-8.255114465521580236e-01
-6.056616433036025038e-01
-3.201790031944162784e-01
-2.415194532819248239e-16
0.000000000000000000e+00
3.201790031944160009e-01
6.056616433036022817e-01
8.255114465521578015e-01
9.559042754369234673e-01
9.827100436950312323e-01
9.030239304013659707e-01
7.254811623887406080e-01
4.693212534312116713e-01
1.623031043948456875e-01
-1.623031043948454655e-01
-4.693212534312114492e-01
-7.254811623887401639e-01
-9.030239304013655266e-01
-9.827100436950310103e-01
-9.559042754369235784e-01
-8.255114465521580236e-01
-6.056616433036025038e-01
-3.201790031944162784e-01
-2.415194532819248239e-16
0.000000000000000000e+00
3.201790031944160009e-01
6.056616433036022817e-01
8.255114465521578015e-01
9.559042754369234673e-01
9.827100436950312323e-01
9.030239304013659707e-01
7.254811623887406080e-01
4.693212534312116713e-01
1.623031043948456875e-01
-1.623031043948454655e-01
-4.693212534312114492e-01
-7.254811623887401639e-01
-9.030239304013655266e-01
-9.827100436950310103e-01
-9.559042754369235784e-01
-8.255114465521580236e-01
-6.056616433036025038e-01
-3.201790031944162784e-01
-2.415194532819248239e-16
0.000000000000000000e+00
3.201790031944160009e-01
6.056616433036022817e-01
8.255114465521578015e-01
9.559042754369234673e-01
9.827100436950312323e-01
9.030239304013659707e-01
7.254811623887406080e-01
4.693212534312116713e-01
1.623031043948456875e-01
-1.623031043948454655e-01
-4.693212534312114492e-01
-7.254811623887401639e-01
-9.030239304013655266e-01
-9.827100436950310103e-01
-9.559042754369235784e-01
-8.255114465521580236e-01
-6.056616433036025038e-01
-3.201790031944162784e-01
-2.415194532819248239e-16
0.000000000000000000e+00
3.201790031944160009e-01
6.056616433036022817e-01
8.255114465521578015e-01
9.559042754369234673e-01
9.827100436950312323e-01
9.030239304013659707e-01
7.254811623887406080e-01
4.693212534312116713e-01
1.623031043948456875e-01
-1.623031043948454655e-01
-4.693212534312114492e-01
-7.254811623887401639e-01
-9.030239304013655266e-01
-9.827100436950310103e-01
-9.559042754369235784e-01
-8.255114465521580236e-01
-6.056616433036025038e-01
-3.201790031944162784e-01
-2.415194532819248239e-16
0.000000000000000000e+00
3.201790031944160009e-01
6.056616433036022817e-01
8.255114465521578015e-01
9.559042754369234673e-01
9.827100436950312323e-01
9.030239304013659707e-01
7.254811623887406080e-01
4.693212534312116713e-01
1.623031043948456875e-01
-1.623031043948454655e-01
-4.693212534312114492e-01
-7.254811623887401639e-01
-9.030239304013655266e-01
-9.827100436950310103e-01
-9.559042754369235784e-01
-8.255114465521580236e-01
-6.056616433036025038e-01
-3.201790031944162784e-01
-2.415194532819248239e-16
0.000000000000000000e+00
3.201790031944160009e-01
6.056616433036022817e-01
8.255114465521578015e-01
9.559042754369234673e-01
9.827100436950312323e-01
9.030239304013659707e-01
7.254811623887406080e-01
4.693212534312116713e-01
1.623031043948456875e-01
-1.623031043948454655e-01
-4.693212534312114492e-01
-7.254811623887401639e-01
-9.030239304013655266e-01
-9.827100436950310103e-01
-9.559042754369235784e-01
-8.255114465521580236e-01
-6.056616433036025038e-01
-3.201790031944162784e-01
-2.415194532819248239e-16
0.000000000000000000e+00
3.201790031944160009e-01
6.056616433036022817e-01
8.255114465521578015e-01
9.559042754369234673e-01
9.827100436950312323e-01
9.030239304013659707e-01
7.254811623887406080e-01
4.693212534312116713e-01
1.623031043948456875e-01
-1.623031043948454655e-01
-4.693212534312114492e-01
-7.254811623887401639e-01
-9.030239304013655266e-01
-9.827100436950310103e-01
-9.559042754369235784e-01
-8.255114465521580236e-01
-6.056616433036025038e-01
-3.201790031944162784e-01
-2.415194532819248239e-16
0.000000000000000000e+00
3.201790031944160009e-01
6.056616433036022817e-01
8.255114465521578015e-01
9.559042754369234673e-01
9.827100436950312323e-01
9.030239304013659707e-01
7.254811623887406080e-01
4.693212534312116713e-01
1.623031043948456875e-01
-1.623031043948454655e-01
-4.693212534312114492e-01
-7.254811623887401639e-01
-9.030239304013655266e-01
-9.827100436950310103e-01
-9.559042754369235784e-01
-8.255114465521580236e-01
-6.056616433036025038e-01
-3.201790031944162784e-01
-2.415194532819248239e-16
0.000000000000000000e+00
3.201790031944160009e-01
6.056616433036022817e-01
8.255114465521578015e-01
9.559042754369234673e-01
9.827100436950312323e-01
9.030239304013659707e-01
7.254811623887406080e-01
4.693212534312116713e-01
1.623031043948456875e-01
-1.623031043948454655e-01
-4.693212534312114492e-01
-7.254811623887401639e-01
-9.030239304013655266e-01
-9.827100436950310103e-01
-9.559042754369235784e-01
-8.255114465521580236e-01
-6.056616433036025038e-01
-3.201790031944162784e-01
-2.415194532819248239e-16
0.000000000000000000e+00
3.201790031944160009e-01
6.056616433036022817e-01
8.255114465521578015e-01
9.559042754369234673e-01
9.827100436950312323e-01
9.030239304013659707e-01
7.254811623887406080e-01
4.693212534312116713e-01
1.623031043948456875e-01
-1.623031043948454655e-01
-4.693212534312114492e-01
-7.254811623887401639e-01
-9.030239304013655266e-01
-9.827100436950310103e-01
-9.559042754369235784e-01
-8.255114465521580236e-01
-6.056616433036025038e-01
-3.201790031944162784e-01
-2.415194532819248239e-16
0.000000000000000000e+00
3.201790031944160009e-01
6.056616433036022817e-01
8.255114465521578015e-01
9.559042754369234673e-01
9.827100436950312323e-01
9.030239304013659707e-01
7.254811623887406080e-01
4.693212534312116713e-01
1.623031043948456875e-01
-1.623031043948454655e-01
-4.693212534312114492e-01
-7.254811623887401639e-01
-9.030239304013655266e-01
-9.827100436950310103e-01
-9.559042754369235784e-01
-8.255114465521580236e-01
-6.056616433036025038e-01
-3.201790031944162784e-01
-2.415194532819248239e-16
0.000000000000000000e+00
3.201790031944160009e-01
6.056616433036022817e-01
8.255114465521578015e-01
9.559042754369234673e-01
9.827100436950312323e-01
9.030239304013659707e-01
7.254811623887406080e-01
4.693212534312116713e-01
1.623031043948456875e-01
-1.623031043948454655e-01
-4.693212534312114492e-01
-7.254811623887401639e-01
-9.030239304013655266e-01
-9.827100436950310103e-01
-9.559042754369235784e-01
-8.255114465521580236e-01
-6.056616433036025038e-01
-3.201790031944162784e-01
-2.415194532819248239e-16
0.000000000000000000e+00
3.201790031944160009e-01
6.056616433036022817e-01
8.255114465521578015e-01
9.559042754369234673e-01
9.827100436950312323e-01
9.030239304013659707e-01
7.254811623887406080e-01
4.693212534312116713e-01
1.623031043948456875e-01
-1.623031043948454655e-01
-4.693212534312114492e-01
-7.254811623887401639e-01
-9.030239304013655266e-01
-9.827100436950310103e-01
-9.559042754369235784e-01
-8.255114465521580236e-01
-6.056616433036025038e-01
-3.201790031944162784e-01
-2.415194532819248239e-16
0.000000000000000000e+00
3.201790031944160009e-01
6.056616433036022817e-01
8.255114465521578015e-01
9.559042754369234673e-01
9.827100436950312323e-01
9.030239304013659707e-01
7.254811623887406080e-01
4.693212534312116713e-01
1.623031043948456875e-01
-1.623031043948454655e-01
-4.693212534312114492e-01
-7.254811623887401639e-01
-9.030239304013655266e-01
-9.827100436950310103e-01
-9.559042754369235784e-01
-8.255114465521580236e-01
-6.056616433036025038e-01
-3.201790031944162784e-01
-2.415194532819248239e-16
0.000000000000000000e+00
3.201790031944160009e-01
6.056616433036022817e-01
8.255114465521578015e-01
9.559042754369234673e-01
9.827100436950312323e-01
9.030239304013659707e-01
7.254811623887406080e-01
4.693212534312116713e-01
1.623031043948456875e-01
-1.623031043948454655e-01
-4.693212534312114492e-01
-7.254811623887401639e-01
-9.030239304013655266e-01
-9.827100436950310103e-01
-9.559042754369235784e-01
-8.255114465521580236e-01
-6.056616433036025038e-01
-3.201790031944162784e-01
-2.415194532819248239e-16
0.000000000000000000e+00
3.201790031944160009e-01
6.056616433036022817e-01
8.255114465521578015e-01
9.559042754369234673e-01
9.827100436950312323e-01
9.030239304013659707e-01
7.254811623887406080e-01
4.693212534312116713e-01
1.623031043948456875e-01
-1.623031043948454655e-01
-4.693212534312114492e-01
-7.254811623887401639e-01
-9.030239304013655266e-01
-9.827100436950310103e-01
-9.559042754369235784e-01
-8.255114465521580236e-01
-6.056616433036025038e-01
-3.201790031944162784e-01
-2.415194532819248239e-16
0.000000000000000000e+00
3.201790031944160009e-01
6.056616433036022817e-01
8.255114465521578015e-01
9.559042754369234673e-01
9.827100436950312323e-01
9.030239304013659707e-01
7.254811623887406080e-01
4.693212534312116713e-01
1.623031043948456875e-01
-1.623031043948454655e-01
-4.693212534312114492e-01
-7.254811623887401639e-01
-9.030239304013655266e-01
-9.827100436950310103e-01
-9.559042754369235784e-01
-8.255114465521580236e-01
-6.056616433036025038e-01
-3.201790031944162784e-01
-2.415194532819248239e-16
0.000000000000000000e+00
3.201790031944160009e-01
6.056616433036022817e-01
8.255114465521578015e-01
9.559042754369234673e-01
9.827100436950312323e-01
9.030239304013659707e-01
7.254811623887406080e-01
4.693212534312116713e-01
1.623031043948456875e-01
-1.623031043948454655e-01
-4.693212534312114492e-01
-7.254811623887401639e-01
-9.030239304013655266e-01
-9.827100436950310103e-01
-9.559042754369235784e-01
-8.255114465521580236e-01
-6.056616433036025038e-01
-3.201790031944162784e-01
-2.415194532819248239e-16
0.000000000000000000e+00
3.201790031944160009e-01
6.056616433036022817e-01
8.255114465521578015e-01
9.559042754369234673e-01
9.827100436950312323e-01
9.030239304013659707e-01
7.254811623887406080e-01
4.693212534312116713e-01
1.623031043948456875e-01
-1.623031043948454655e-01
-4.693212534312114492e-01
-7.254811623887401639e-01
-9.030239304013655266e-01
-9.827100436950310103e-01
-9.559042754369235784e-01
-8.255114465521580236e-01
-6.056616433036025038e-01
-3.201790031944162784e-01
-2.415194532819248239e-16
0.000000000000000000e+00
3.201790031944160009e-01
6.056616433036022817e-01
8.255114465521578015e-01
9.559042754369234673e-01
9.827100436950312323e-01
9.030239304013659707e-01
7.254811623887406080e-01
4.693212534312116713e-01
1.623031043948456875e-01
-1.623031043948454655e-01
-4.693212534312114492e-01
-7.254811623887401639e-01
-9.030239304013655266e-01
-9.827100436950310103e-01
-9.559042754369235784e-01
-8.255114465521580236e-01
-6.056616433036025038e-01
-3.201790031944162784e-01
-2.415194532819248239e-16
